GeneSymbol	2024	2025	2026
A4GALT	255.12952330896678	263.7444279346211	294.62587431732896
ABCD1P4	0.7512647918403027	0.4457652303120357	0.733995700840381
ABHD17AP4	45.67689934389041	45.76523031203566	33.61700309848945
ABHD17AP5	123.0571729034416	134.7696879643388	114.65012847126751
ACO2P1	9.315683418819754	10.549777117384844	8.367550989580343
ACR	6.160371293090483	5.794947994056463	7.486756148571887
ACTBP15	323.3443664080663	339.2273402674591	351.4371415623744
ACTR2P1	52.13777655371701	46.210995542347696	50.645703357986285
ACTR3BP6	0.30050591673612115	0.4457652303120357	0.0
ACTR3BP7	0.15025295836806057	0.1485884101040119	0.29359828033615243
ADAMTS7P5	2.8548062089931507	3.4175334323922733	2.935982803361524
ADM2	62.65548363948125	60.0297176820208	55.63687412370088
ADORA2A	68.36509605746755	52.74888558692422	64.00442511328123
ADORA2A-AS1	9.465936377187814	8.023774145616642	7.780354428908038
ADSL	140.03575719903242	134.62109955423477	127.27485452572208
AIFM3	46.277911177362654	45.0222882615156	55.63687412370088
ALG12	486.81958511251617	446.50817236255574	463.15128723028045
ANKRD54	505.9017108252599	431.0549777117385	411.91838731162187
ANKRD62P1	1.2020236669444846	0.7429420505200595	0.733995700840381
ANKRD62P1-PARP4P3	1.0517707085764239	1.040118870728083	0.733995700840381
ANP32BP2	0.9015177502083633	1.040118870728083	0.8807948410084572
AP1B1P1	3.3055650840973323	3.2689450222882614	2.3487862426892194
APOBEC3B	931.5683418819755	830.7578008915305	784.4946050581992
APOBEC3B-AS1	1.8030355004167267	2.526002971768202	2.935982803361524
APOBEC3D	149.65194653458832	150.37147102526004	133.88081583328548
APOBEC3F	1239.1361476613954	1142.7934621099553	1162.9427884114996
APOBEC3H	515.9686590359199	508.6181277860327	480.47358577011346
APOL4	127.41450869611535	119.46508172362556	114.79692761143559
APOL5	0.6010118334722423	0.2971768202080238	0.4403974205042286
ARHGAP42P3	0.30050591673612115	0.4457652303120357	0.14679914016807621
ARHGAP8	10.217201169028117	11.887072808320951	11.156734652773793
ARL5AP4	45.376393427154284	47.84546805349183	43.74614377008671
ARSA	0.0	2688.558692421991	0.0
ARVCF	80.98634456038464	73.8484398216939	90.57506948370302
ASH2LP1	33.35615675770944	35.21545319465081	34.05740051899368
ASH2LP2	4.357335792673756	4.606240713224369	4.25717506487421
ASH2LP3	1.5025295836806054	1.3372956909361071	2.495585382857296
ASH2LP4	1.9532884587847874	2.971768202080238	1.908388822184991
ASLP1	13.37251329475739	13.670133729569093	12.331127774118402
ATP5MGL	55.74384755455046	57.05794947994057	74.72076234555078
ATP5PFP2	21.185667129896537	22.88261515601783	23.047465006387963
ATP6V1G3	0.15025295836806057	0.0	0.0
BAIAP2L2	28.397809131563445	26.300148588410103	29.80022545411947
BBLNP2	3.3055650840973323	2.8231797919762256	3.0827819435296004
BCR	717.9086350825934	697.7711738484398	629.915110461215
BCRP1	0.15025295836806057	0.0	0.29359828033615243
BCRP3	4.207082834305695	4.75482912332838	3.9635767845380574
BCRP4	1.2020236669444846	1.485884101040119	1.6147905418488382
BCRP6	0.15025295836806057	0.1485884101040119	0.14679914016807621
BCRP8	1.9532884587847874	1.040118870728083	2.6423845230253717
BIK	857.7941393232576	884.9925705794948	678.6524249970163
BMP6P1	0.30050591673612115	0.2971768202080238	0.4403974205042286
BMS1P20	19.53288458784787	21.693907875185737	16.588302838992615
BPIFC	9.315683418819754	9.955423476968797	4.25717506487421
BRD1	676.4388185730086	677.7117384843982	833.5255178743367
C1QTNF6	80.3853327269124	86.18127786032689	91.45586432471148
C22orf15	10.217201169028117	9.36106983655275	11.450332933109943
C22orf23	3.906576917569575	3.4175334323922733	4.991170765714592
C22orf31	2.1035414171528477	1.7830609212481427	1.3211922615126859
C22orf42	3.906576917569575	4.160475482912332	4.110375924706134
C22orf46P	107.43086523316329	94.79940564635959	91.01546690420726
CA15P1	1.8030355004167267	1.040118870728083	1.1743931213446097
CA15P2	1.6527825420486661	1.3372956909361071	1.467991401680762
CABP7	26.74502658951478	27.78603268945022	31.26821685580023
CABP7-DT	1.6527825420486661	2.080237741456166	2.3487862426892194
CACNA1I	89.25025727062797	86.18127786032689	86.90509097950111
CACNG2	13.82327216986157	14.710252600297176	14.386315736471468
CACNG2-DT	3.1553121257292718	2.526002971768202	4.697572485378439
CARD10	42.37133425979307	38.78157503714711	30.534221154959855
CASTOR1	77.68077947628731	86.92421991084694	88.37308238118187
CBX7	1351.2248546039687	0.0	1082.7904578797302
CBY1	435.8838322257436	419.7622585438336	329.5640696773311
CCDC116	6.761383126562725	6.686478454680535	7.193157868235734
CCDC134	331.30777320157347	299.70282317979195	362.44707707498014
CCDC157	88.19848656205154	88.11292719167905	81.17992451294614
CCDC188	5.859865376354361	4.606240713224369	5.578367326386896
CCDC188BP	0.6010118334722423	0.4457652303120357	0.5871965606723049
CCDC74BP1	0.45075887510418167	0.7429420505200595	0.4403974205042286
CCT8L2	2.253794375520908	1.6344725111441307	2.3487862426892194
CDC42EP1	196.23036362868706	184.1010401188707	176.59936562219568
CDC45	640.3781085646741	602.6745913818721	620.37316635029
CDPF1	1036.745412739618	962.852897473997	1263.2066011462957
CECR2	30.351097590348232	27.934621099554235	25.54305038924526
CECR3	2.253794375520908	2.2288261515601784	3.3763802238657528
CECR9	0.30050591673612115	0.2971768202080238	0.14679914016807621
CELSR1	94.8096167302462	97.91976225854384	87.93268496067765
CENPM	1371.3587510252887	0.0	0.0
CERK	1262.7258621251808	1247.9940564635958	1050.054249622249
CES5AP1	0.30050591673612115	0.1485884101040119	0.29359828033615243
CHADL	70.91939634972458	64.33878157503715	55.34327584336474
CHEK2	874.3219647437444	1055.8692421991086	1144.7396950306584
CHKB	19.08212571274369	20.653789004457654	27.011041790926022
CHKB-DT	86.69595697837093	80.68350668647845	104.81458608000642
CIMIP4	3.6060710008334533	3.5661218424962855	3.0827819435296004
CLCP1	0.45075887510418167	0.5943536404160475	0.5871965606723049
CLDN5	735.7887371283925	770.7280832095096	987.2242176303125
CLTCL1	75.4269851007664	80.53491827637444	80.00553139160152
CNN2P1	13.67301921149351	12.332838038632987	11.59713207327802
COA1P1	1.5025295836806054	1.7830609212481427	2.055187962353067
COX6B1P3	2.253794375520908	2.37741456166419	2.201987102521143
CPMER	0.6010118334722423	1.188707280832095	0.733995700840381
CPT1B	12.470995544549027	10.401188707280832	13.505520895463011
CRELD2	2694.4863024144297	2545.1708766716197	0.0
CRIP1P4	16.82833133722278	14.858841010401187	13.505520895463011
CRYBA4	2.253794375520908	2.080237741456166	2.789183663193448
CRYBB1	40.41804580100829	37.89004457652303	38.314575583867885
CRYBB2	3.7563239592015134	2.8231797919762256	3.2295810836976764
CRYBB2P1	581.0281900092901	583.0609212481426	474.8952184437265
CRYBB3	2.8548062089931507	3.2689450222882614	3.5231793640338287
CSDC2	8.26391271024333	9.212481426448738	5.431568186218819
CSF2RBP1	3.005059167361211	1.7830609212481427	3.5231793640338287
CSNK1E	460.3750644397375	473.9970282317979	499.99787141246753
CYP2D6	3.906576917569575	3.863298662704309	4.844371625546515
CYP2D7	14.424284003333813	14.710252600297176	16.14790541848838
CYP2D8P	3.3055650840973323	2.6745913818722142	1.7615896820169143
DDT	12.771501461285146	13.37295690936107	11.303533792941868
DDTL	0.15025295836806057	0.4457652303120357	0.29359828033615243
DENND6B	471.9445422340782	414.1158989598811	401.20205007935226
DEPDC5	303.8114818202184	315.3046062407132	226.07067585883735
DERL3	330.40625545136515	324.66567607726597	277.30357577749595
DGCR11	72.12142001666906	68.7964338781575	60.187647468911244
DGCR5	49.282970344723864	45.0222882615156	65.47241651496199
DGCR6	11.419224835972603	14.264487369985142	12.77152519462263
DGCR8	282.6258146903219	326.3001485884101	293.45148119598434
DMC1	51.687017678612825	54.23476968796434	66.35321135597046
DNAJA1P6	0.45075887510418167	0.4457652303120357	0.29359828033615243
DNAJB7	6.160371293090483	7.87518573551263	4.110375924706134
DNAL4	850.8825032383269	779.3462109955423	541.248429799697
DRICH1	1.6527825420486661	1.9316493313521546	2.3487862426892194
DUSP18	826.9922828578052	751.5601783060921	756.8963667066009
DUXAP8	22.53794375520908	23.179791976225854	20.845477903866822
E2F6P1	3.3055650840973323	3.714710252600297	2.495585382857296
E2F6P2	1.8030355004167267	2.2288261515601784	2.055187962353067
E2F6P3	3.1553121257292718	4.011887072808321	3.2295810836976764
EFCAB6	13.072007378021267	11.887072808320951	9.101546690420724
EFCAB6-AS1	2.1035414171528477	1.9316493313521546	1.6147905418488382
EFCAB6-DT	21.78667896336878	21.842496285289748	18.056294240673374
EIF4ENIF1	898.5126910410021	908.7667161961367	824.717569464252
ELFN2	59.65042447212004	62.10995542347697	55.34327584336474
EMID1	617.990417767833	649.3313521545319	577.6546165613798
ENSG00000093100	4.207082834305695	4.011887072808321	4.844371625546515
ENSG00000181123	2.1035414171528477	3.1203566121842496	1.908388822184991
ENSG00000188078	5.25885354288212	4.011887072808321	4.844371625546515
ENSG00000197210	1.2020236669444846	1.3372956909361071	0.29359828033615243
ENSG00000206028	0.45075887510418167	0.5943536404160475	0.4403974205042286
ENSG00000206090	7.963406793507209	10.25260029717682	10.275939811765333
ENSG00000207751	23.439461505417444	16.64190193164933	23.63466156706027
ENSG00000212939	6.010118334722422	5.794947994056463	6.165563887059201
ENSG00000213279	4.207082834305695	4.011887072808321	5.431568186218819
ENSG00000213752	2.5543002922570293	3.5661218424962855	3.0827819435296004
ENSG00000220702	0.7512647918403027	1.3372956909361071	1.1743931213446097
ENSG00000222044	2.7045532506250898	2.37741456166419	2.495585382857296
ENSG00000223461	120.3526196528165	106.53789004457651	73.98676664471041
ENSG00000223679	0.45075887510418167	0.5943536404160475	0.29359828033615243
ENSG00000223726	3.005059167361211	2.37741456166419	2.3487862426892194
ENSG00000223881	1.3522766253125449	1.188707280832095	1.7615896820169143
ENSG00000223999	0.6010118334722423	1.188707280832095	1.0275939811765336
ENSG00000224027	2.404047333888969	1.9316493313521546	2.6423845230253717
ENSG00000224277	0.7512647918403027	1.188707280832095	0.5871965606723049
ENSG00000224404	3.005059167361211	3.714710252600297	2.789183663193448
ENSG00000224715	4.507588751041816	4.903417533432392	5.725166466554971
ENSG00000224794	3.6060710008334533	2.6745913818722142	4.991170765714592
ENSG00000224883	0.9015177502083633	1.188707280832095	0.5871965606723049
ENSG00000225007	1.5025295836806054	2.2288261515601784	1.0275939811765336
ENSG00000225172	0.30050591673612115	0.0	0.5871965606723049
ENSG00000225335	44.32462271857786	49.47994056463596	36.552985901850974
ENSG00000225450	2.7045532506250898	2.971768202080238	2.789183663193448
ENSG00000225676	1.5025295836806054	2.526002971768202	1.0275939811765336
ENSG00000225741	1.3522766253125449	1.3372956909361071	1.7615896820169143
ENSG00000225867	0.6010118334722423	0.1485884101040119	0.29359828033615243
ENSG00000225929	1.9532884587847874	2.6745913818722142	1.6147905418488382
ENSG00000226160	2.7045532506250898	1.9316493313521546	2.055187962353067
ENSG00000226169	0.45075887510418167	0.7429420505200595	1.0275939811765336
ENSG00000226471	184.66088583434643	248.29123328380388	256.0177004531249
ENSG00000226477	1.5025295836806054	1.3372956909361071	0.14679914016807621
ENSG00000226595	0.45075887510418167	0.1485884101040119	0.29359828033615243
ENSG00000226772	2.7045532506250898	1.9316493313521546	3.0827819435296004
ENSG00000226872	0.30050591673612115	0.1485884101040119	0.29359828033615243
ENSG00000226954	7.512647918403027	9.658246656760772	6.459162167395353
ENSG00000227370	1.3522766253125449	0.8915304606240714	0.8807948410084572
ENSG00000227413	0.7512647918403027	0.4457652303120357	0.733995700840381
ENSG00000227484	1.9532884587847874	1.7830609212481427	3.0827819435296004
ENSG00000227519	0.30050591673612115	0.2971768202080238	0.4403974205042286
ENSG00000227710	0.45075887510418167	0.7429420505200595	0.733995700840381
ENSG00000227747	11.11871891923648	15.304606240713223	14.826713156975696
ENSG00000227755	0.15025295836806057	0.1485884101040119	0.14679914016807621
ENSG00000227813	4.357335792673756	4.903417533432392	5.578367326386896
ENSG00000227880	0.6010118334722423	0.8915304606240714	0.0
ENSG00000228161	0.45075887510418167	0.2971768202080238	0.29359828033615243
ENSG00000228587	0.30050591673612115	0.2971768202080238	0.14679914016807621
ENSG00000228620	0.9015177502083633	0.5943536404160475	0.8807948410084572
ENSG00000228622	0.45075887510418167	0.1485884101040119	0.29359828033615243
ENSG00000228719	43.272852010001436	38.78157503714711	40.0761652658848
ENSG00000228923	0.9015177502083633	0.2971768202080238	0.8807948410084572
ENSG00000229275	1.2020236669444846	0.8915304606240714	2.3487862426892194
ENSG00000229673	0.15025295836806057	0.0	0.0
ENSG00000229770	2.7045532506250898	2.526002971768202	1.908388822184991
ENSG00000229955	0.30050591673612115	0.2971768202080238	0.4403974205042286
ENSG00000229971	0.45075887510418167	0.7429420505200595	0.14679914016807621
ENSG00000230051	1.9532884587847874	1.3372956909361071	1.6147905418488382
ENSG00000230107	110.88668327562868	95.54234769687965	76.77595030790386
ENSG00000230120	0.30050591673612115	0.0	0.14679914016807621
ENSG00000230149	2.1035414171528477	2.526002971768202	1.6147905418488382
ENSG00000230471	0.6010118334722423	0.4457652303120357	1.0275939811765336
ENSG00000230485	1.3522766253125449	1.040118870728083	1.467991401680762
ENSG00000230637	0.9015177502083633	1.3372956909361071	0.5871965606723049
ENSG00000230736	1.6527825420486661	1.040118870728083	1.0275939811765336
ENSG00000230912	0.6010118334722423	0.7429420505200595	1.0275939811765336
ENSG00000230922	3.005059167361211	3.5661218424962855	4.25717506487421
ENSG00000230947	0.15025295836806057	0.0	0.0
ENSG00000231010	5.55935945961824	3.4175334323922733	8.367550989580343
ENSG00000231271	19.833390504583992	18.7221396731055	19.083888221849907
ENSG00000231392	3.1553121257292718	4.457652303120357	4.403974205042286
ENSG00000231405	0.45075887510418167	0.2971768202080238	0.733995700840381
ENSG00000231467	1.2020236669444846	0.8915304606240714	1.0275939811765336
ENSG00000231495	0.45075887510418167	0.7429420505200595	0.0
ENSG00000232050	0.15025295836806057	0.4457652303120357	0.29359828033615243
ENSG00000232350	0.30050591673612115	0.0	0.733995700840381
ENSG00000232363	1.0517707085764239	0.5943536404160475	1.1743931213446097
ENSG00000232464	0.15025295836806057	0.0	0.29359828033615243
ENSG00000232515	0.30050591673612115	0.4457652303120357	0.29359828033615243
ENSG00000232545	1.5025295836806054	0.7429420505200595	0.8807948410084572
ENSG00000232603	0.7512647918403027	0.8915304606240714	0.4403974205042286
ENSG00000232897	1.2020236669444846	1.7830609212481427	1.467991401680762
ENSG00000233157	0.6010118334722423	0.2971768202080238	0.4403974205042286
ENSG00000233179	1.2020236669444846	1.3372956909361071	0.4403974205042286
ENSG00000233574	0.30050591673612115	0.2971768202080238	0.14679914016807621
ENSG00000233577	2.7045532506250898	2.37741456166419	2.935982803361524
ENSG00000233720	0.15025295836806057	0.1485884101040119	0.14679914016807621
ENSG00000233739	0.15025295836806057	0.0	0.0
ENSG00000233866	0.15025295836806057	0.0	0.29359828033615243
ENSG00000233995	1.5025295836806054	1.188707280832095	2.789183663193448
ENSG00000234208	5.1086005845140585	4.3090638930163445	6.018764746891125
ENSG00000234503	0.45075887510418167	0.4457652303120357	0.14679914016807621
ENSG00000234626	0.7512647918403027	0.4457652303120357	0.8807948410084572
ENSG00000234630	0.6010118334722423	0.8915304606240714	0.4403974205042286
ENSG00000234726	2.253794375520908	2.526002971768202	2.789183663193448
ENSG00000234891	0.45075887510418167	0.2971768202080238	0.29359828033615243
ENSG00000234892	1.3522766253125449	2.2288261515601784	0.733995700840381
ENSG00000234913	3.4558180424653924	2.6745913818722142	3.0827819435296004
ENSG00000234979	1.9532884587847874	2.37741456166419	2.201987102521143
ENSG00000235091	2.5543002922570293	1.9316493313521546	2.495585382857296
ENSG00000235445	0.6010118334722423	0.5943536404160475	0.14679914016807621
ENSG00000236003	6.761383126562725	6.240713224368499	6.899559587899582
ENSG00000236118	0.45075887510418167	0.2971768202080238	0.5871965606723049
ENSG00000236540	39.51652805079993	39.673105497771175	36.406186761682896
ENSG00000236641	0.7512647918403027	1.040118870728083	0.4403974205042286
ENSG00000236754	1.0517707085764239	1.188707280832095	1.0275939811765336
ENSG00000236858	1.5025295836806054	1.040118870728083	1.0275939811765336
ENSG00000236867	1.3522766253125449	0.2971768202080238	2.055187962353067
ENSG00000236890	0.7512647918403027	0.8915304606240714	1.0275939811765336
ENSG00000237015	0.7512647918403027	1.3372956909361071	1.1743931213446097
ENSG00000237127	1.9532884587847874	1.9316493313521546	2.055187962353067
ENSG00000237316	0.6010118334722423	0.5943536404160475	0.29359828033615243
ENSG00000237358	0.30050591673612115	0.0	0.29359828033615243
ENSG00000237387	0.45075887510418167	0.2971768202080238	0.4403974205042286
ENSG00000237407	0.30050591673612115	0.4457652303120357	0.29359828033615243
ENSG00000237439	1.5025295836806054	1.7830609212481427	1.6147905418488382
ENSG00000237689	0.7512647918403027	0.5943536404160475	1.1743931213446097
ENSG00000237862	7.362394960034966	5.49777117384844	5.871965606723048
ENSG00000238153	1.0517707085764239	0.0	0.14679914016807621
ENSG00000238192	0.6010118334722423	0.2971768202080238	0.8807948410084572
ENSG00000238195	1.5025295836806054	3.1203566121842496	1.0275939811765336
ENSG00000240591	15.325801753542175	15.0074294205052	10.716337232269563
ENSG00000241838	28.698315048299563	24.814264487369986	25.24945210890911
ENSG00000241954	9.015177502083633	7.578008915304606	7.780354428908038
ENSG00000248751	0.15025295836806057	0.2971768202080238	0.0
ENSG00000249333	1.0517707085764239	1.6344725111441307	1.3211922615126859
ENSG00000250470	0.15025295836806057	0.1485884101040119	0.29359828033615243
ENSG00000252143	0.30050591673612115	0.2971768202080238	0.14679914016807621
ENSG00000254499	0.6010118334722423	0.5943536404160475	0.29359828033615243
ENSG00000259421	8.714671585347512	8.469539375928678	6.899559587899582
ENSG00000260613	7.81315383513915	8.766716196136702	7.33995700840381
ENSG00000267338	0.30050591673612115	0.0	0.733995700840381
ENSG00000268818	0.6010118334722423	1.040118870728083	1.1743931213446097
ENSG00000270022	15.776560628646356	19.762258543833582	15.413909717648004
ENSG00000270083	6.911636084930785	8.023774145616642	7.486756148571887
ENSG00000271127	0.30050591673612115	0.2971768202080238	0.29359828033615243
ENSG00000272582	1.0517707085764239	1.9316493313521546	1.467991401680762
ENSG00000272669	51.53676472024477	48.736998514115896	54.60928014252435
ENSG00000272682	0.45075887510418167	0.4457652303120357	0.29359828033615243
ENSG00000272689	2.7045532506250898	2.6745913818722142	2.789183663193448
ENSG00000272720	1.5025295836806054	2.080237741456166	1.1743931213446097
ENSG00000272733	1.2020236669444846	1.040118870728083	1.1743931213446097
ENSG00000272787	1.8030355004167267	2.2288261515601784	1.908388822184991
ENSG00000272798	0.30050591673612115	0.5943536404160475	0.14679914016807621
ENSG00000272829	55.29308867944628	52.600297176820206	46.68212657344824
ENSG00000272834	0.7512647918403027	0.8915304606240714	0.8807948410084572
ENSG00000272836	2.253794375520908	1.9316493313521546	1.6147905418488382
ENSG00000272858	7.81315383513915	7.87518573551263	11.450332933109943
ENSG00000272942	11.419224835972603	12.184249628528974	8.220751849412268
ENSG00000272973	9.616189335555877	9.50965824665676	8.220751849412268
ENSG00000272977	7.362394960034966	7.280832095096583	6.312363027227278
ENSG00000273044	1.5025295836806054	1.7830609212481427	0.5871965606723049
ENSG00000273068	0.6010118334722423	0.5943536404160475	0.8807948410084572
ENSG00000273076	59.19966559701586	52.600297176820206	54.60928014252435
ENSG00000273096	1.2020236669444846	0.8915304606240714	1.3211922615126859
ENSG00000273139	14.424284003333813	13.075780089153046	14.973512297143774
ENSG00000273145	89.40051022899603	97.91976225854384	85.43709957782036
ENSG00000273176	23.289208547049384	21.99108469539376	18.790289941513755
ENSG00000273192	0.45075887510418167	0.1485884101040119	0.5871965606723049
ENSG00000273212	0.6010118334722423	0.7429420505200595	0.14679914016807621
ENSG00000273214	1.8030355004167267	0.8915304606240714	1.467991401680762
ENSG00000273216	0.45075887510418167	0.2971768202080238	0.29359828033615243
ENSG00000273243	0.6010118334722423	0.5943536404160475	0.4403974205042286
ENSG00000273272	168.88432520570004	184.54680534918276	169.55300689412803
ENSG00000273287	7.212142001666907	7.87518573551263	6.60596130756343
ENSG00000273295	9.766442293923935	9.658246656760772	13.358721755294935
ENSG00000273325	0.15025295836806057	0.0	0.0
ENSG00000273342	0.30050591673612115	0.4457652303120357	0.733995700840381
ENSG00000273343	3.4558180424653924	2.37741456166419	2.3487862426892194
ENSG00000273350	3.3055650840973323	3.2689450222882614	2.935982803361524
ENSG00000273353	0.45075887510418167	0.1485884101040119	0.733995700840381
ENSG00000273362	0.30050591673612115	0.2971768202080238	0.0
ENSG00000273387	6.611130168194665	9.212481426448738	6.60596130756343
ENSG00000273424	5.55935945961824	7.280832095096583	4.697572485378439
ENSG00000273428	5.1086005845140585	4.011887072808321	4.991170765714592
ENSG00000273442	1.2020236669444846	1.188707280832095	0.8807948410084572
ENSG00000274381	1.3522766253125449	1.3372956909361071	1.6147905418488382
ENSG00000274422	20.734908254792355	17.682020802377412	23.19426414655604
ENSG00000274625	0.15025295836806057	0.0	0.0
ENSG00000275361	4.207082834305695	3.4175334323922733	2.495585382857296
ENSG00000275609	0.15025295836806057	0.1485884101040119	0.0
ENSG00000275656	0.15025295836806057	0.2971768202080238	0.4403974205042286
ENSG00000275772	7.81315383513915	9.063893016344725	9.835542391261106
ENSG00000277690	0.15025295836806057	0.2971768202080238	0.0
ENSG00000278655	1.2020236669444846	1.3372956909361071	1.1743931213446097
ENSG00000278657	0.6010118334722423	0.8915304606240714	0.4403974205042286
ENSG00000278667	0.45075887510418167	0.7429420505200595	0.4403974205042286
ENSG00000278869	24.19072629725775	25.11144130757801	24.0750589875645
ENSG00000278881	7.662900876771087	7.578008915304606	6.459162167395353
ENSG00000278890	3.6060710008334533	3.1203566121842496	3.3763802238657528
ENSG00000278920	12.320742586180966	9.36106983655275	12.918324334790706
ENSG00000278948	1.2020236669444846	1.040118870728083	2.6423845230253717
ENSG00000278960	0.15025295836806057	0.0	0.14679914016807621
ENSG00000279006	2.253794375520908	1.6344725111441307	2.3487862426892194
ENSG00000279080	29.90033871524405	36.2555720653789	23.34106328672412
ENSG00000279085	1.9532884587847874	2.37741456166419	1.467991401680762
ENSG00000279110	8.864924543715572	9.658246656760772	10.12914067159726
ENSG00000279175	62.20472476437707	55.57206537890044	59.01325434756664
ENSG00000279182	7.512647918403027	8.023774145616642	11.743931213446096
ENSG00000279217	12.921754419653206	12.332838038632987	15.85430713815223
ENSG00000279278	10.96846596086842	14.264487369985142	12.624726054454555
ENSG00000279298	0.30050591673612115	0.4457652303120357	0.14679914016807621
ENSG00000279345	6.460877209826603	5.943536404160476	7.33995700840381
ENSG00000279440	1.6527825420486661	2.2288261515601784	2.6423845230253717
ENSG00000279442	0.15025295836806057	0.0	0.14679914016807621
ENSG00000279467	7.212142001666907	6.983655274888559	7.486756148571887
ENSG00000279494	23.739967422153565	20.35661218424963	30.974618575464078
ENSG00000279548	0.9015177502083633	1.188707280832095	0.14679914016807621
ENSG00000279597	1.2020236669444846	0.5943536404160475	1.7615896820169143
ENSG00000279642	0.7512647918403027	0.7429420505200595	0.14679914016807621
ENSG00000279652	5.7096124179863015	5.052005943536404	5.431568186218819
ENSG00000279699	2.404047333888969	1.7830609212481427	2.3487862426892194
ENSG00000279712	9.766442293923935	7.280832095096583	10.716337232269563
ENSG00000279714	1.6527825420486661	1.7830609212481427	1.6147905418488382
ENSG00000279738	69.86762564114815	59.73254086181278	65.91281393546622
ENSG00000279805	18.481113879271447	20.653789004457654	18.203093380841448
ENSG00000279833	12.621248502917087	14.264487369985142	13.358721755294935
ENSG00000279848	0.9015177502083633	1.040118870728083	0.5871965606723049
ENSG00000279914	0.45075887510418167	0.4457652303120357	0.8807948410084572
ENSG00000279927	5.25885354288212	6.092124814264487	4.25717506487421
ENSG00000279933	13.37251329475739	12.481426448736999	8.95474755025265
ENSG00000279954	6.761383126562725	8.023774145616642	6.459162167395353
ENSG00000279973	1.8030355004167267	1.3372956909361071	1.1743931213446097
ENSG00000280007	51.83727063698089	46.35958395245171	51.8200964793309
ENSG00000280011	19.983643462952053	19.316493313521544	22.166670165379507
ENSG00000280025	3.4558180424653924	4.160475482912332	3.5231793640338287
ENSG00000280199	0.7512647918403027	0.7429420505200595	0.29359828033615243
ENSG00000280216	5.25885354288212	6.092124814264487	5.431568186218819
ENSG00000280224	0.7512647918403027	1.040118870728083	1.0275939811765336
ENSG00000280312	1.3522766253125449	1.188707280832095	0.5871965606723049
ENSG00000280341	0.30050591673612115	0.5943536404160475	0.4403974205042286
ENSG00000280356	3.7563239592015134	4.160475482912332	2.6423845230253717
ENSG00000280383	64.7590250566341	66.56760772659732	78.68433913008884
ENSG00000280384	1.6527825420486661	1.6344725111441307	1.467991401680762
ENSG00000280395	2.7045532506250898	1.7830609212481427	1.908388822184991
ENSG00000280418	11.719730752708722	12.332838038632987	14.092717456135315
ENSG00000280424	9.315683418819754	9.063893016344725	7.633555288739964
ENSG00000280434	22.38769079684102	21.99108469539376	17.02870025949684
ENSG00000280445	1.5025295836806054	1.9316493313521546	1.0275939811765336
ENSG00000281530	1.8030355004167267	1.3372956909361071	2.055187962353067
ENSG00000281538	4.657841709409877	5.052005943536404	3.3763802238657528
ENSG00000281732	6.761383126562725	7.726597325408618	11.59713207327802
ENSG00000282012	3.6060710008334533	4.3090638930163445	3.2295810836976764
ENSG00000282041	1.5025295836806054	2.080237741456166	1.467991401680762
ENSG00000282602	1.5025295836806054	2.526002971768202	1.1743931213446097
ENSG00000283535	1.3522766253125449	1.188707280832095	1.0275939811765336
ENSG00000283583	0.45075887510418167	0.4457652303120357	0.0
ENSG00000284070	6.010118334722422	4.903417533432392	6.018764746891125
ENSG00000284294	4.657841709409877	4.011887072808321	4.110375924706134
ENSG00000284431	0.30050591673612115	0.4457652303120357	0.29359828033615243
ENSG00000284633	20.434402338056234	22.73402674591382	15.12031143731185
ENSG00000284665	2.7045532506250898	1.9316493313521546	2.201987102521143
ENSG00000284874	3.4558180424653924	3.5661218424962855	4.991170765714592
ENSG00000285045	1.3522766253125449	1.3372956909361071	0.8807948410084572
ENSG00000285314	2.8548062089931507	2.6745913818722142	2.201987102521143
ENSG00000285531	134.17589182267807	137.14710252600295	159.57066536269886
ENSG00000285623	1.2020236669444846	1.9316493313521546	1.6147905418488382
ENSG00000285707	2.5543002922570293	2.6745913818722142	1.908388822184991
ENSG00000285722	4.207082834305695	4.3090638930163445	2.935982803361524
ENSG00000285855	0.9015177502083633	0.7429420505200595	0.29359828033615243
ENSG00000285968	2.404047333888969	1.3372956909361071	2.935982803361524
ENSG00000286127	0.9015177502083633	0.8915304606240714	1.0275939811765336
ENSG00000286129	29.449579840139865	31.797919762258545	24.662255548236804
ENSG00000286144	2.1035414171528477	2.526002971768202	1.6147905418488382
ENSG00000286195	1.0517707085764239	1.7830609212481427	1.1743931213446097
ENSG00000286326	9.465936377187814	9.658246656760772	7.927153569076115
ENSG00000286365	1.0517707085764239	1.485884101040119	0.5871965606723049
ENSG00000286393	7.512647918403027	7.726597325408618	8.07395270924419
ENSG00000286406	0.15025295836806057	0.1485884101040119	0.14679914016807621
ENSG00000286440	1.2020236669444846	1.3372956909361071	1.7615896820169143
ENSG00000286485	3.4558180424653924	2.526002971768202	2.3487862426892194
ENSG00000286491	0.7512647918403027	0.5943536404160475	0.5871965606723049
ENSG00000286508	10.818213002500359	11.738484398216938	12.03752949378225
ENSG00000286659	2.7045532506250898	3.2689450222882614	2.201987102521143
ENSG00000286801	2.7045532506250898	2.526002971768202	3.2295810836976764
ENSG00000286990	0.9015177502083633	1.040118870728083	0.4403974205042286
ENSG00000287034	1.3522766253125449	0.4457652303120357	1.1743931213446097
ENSG00000287146	2.1035414171528477	2.080237741456166	2.055187962353067
ENSG00000287219	0.7512647918403027	1.040118870728083	0.5871965606723049
ENSG00000287225	4.808094667777938	4.3090638930163445	4.110375924706134
ENSG00000287236	1.9532884587847874	0.7429420505200595	3.0827819435296004
ENSG00000287269	94.50911081351009	88.55869242199108	81.17992451294614
ENSG00000287285	0.30050591673612115	0.1485884101040119	0.14679914016807621
ENSG00000287652	4.808094667777938	4.457652303120357	3.3763802238657528
ENSG00000287773	1.6527825420486661	1.040118870728083	1.467991401680762
ENSG00000287817	26.294267714410598	26.300148588410103	28.18543491227063
ENSG00000287864	1.8030355004167267	1.040118870728083	1.908388822184991
ENSG00000287967	2.404047333888969	2.2288261515601784	2.201987102521143
ENSG00000287989	28.698315048299563	31.797919762258545	23.928259847396422
ENSG00000288106	25.39274996420223	25.40861812778603	23.047465006387963
ENSG00000288153	0.15025295836806057	0.0	0.14679914016807621
ENSG00000288540	3.906576917569575	3.1203566121842496	3.2295810836976764
ENSG00000288719	50.48499401166835	50.22288261515602	62.38963457143239
ENSG00000288777	1.0517707085764239	0.7429420505200595	1.6147905418488382
ENSG00000288778	24.79173813072999	18.7221396731055	28.919430613111015
ENSG00000288811	5.25885354288212	5.200594353640416	5.578367326386896
ENSG00000288834	2.7045532506250898	3.714710252600297	1.1743931213446097
ENSG00000288861	28.998820965035684	28.528974739970284	30.534221154959855
ENSG00000288871	5.4091065012501796	4.457652303120357	6.312363027227278
ENSG00000289044	0.7512647918403027	0.4457652303120357	0.4403974205042286
ENSG00000289120	23.739967422153565	28.826151560178307	22.607067585883737
ENSG00000289244	5.4091065012501796	3.863298662704309	5.137969905882667
ENSG00000289292	6.010118334722422	5.794947994056463	3.2295810836976764
ENSG00000289481	1.6527825420486661	1.6344725111441307	1.467991401680762
ENSG00000289489	0.9015177502083633	1.3372956909361071	0.8807948410084572
ENSG00000289564	38.31450438385544	40.26745913818722	45.50773345210363
ENSG00000289841	8.714671585347512	8.023774145616642	9.101546690420724
ENSG00000289846	0.30050591673612115	0.2971768202080238	0.29359828033615243
ENSG00000289858	138.53322761535182	127.93462109955424	143.7163582245466
ENSG00000289873	0.6010118334722423	0.2971768202080238	0.733995700840381
ENSG00000289888	44.625128635313985	56.76077265973254	40.36976354622096
ENSG00000289946	1.9532884587847874	2.2288261515601784	1.1743931213446097
ENSG00000289947	362.7106415004981	358.2466567607727	262.03646520001604
ENSG00000289960	38.76526325895962	41.01040118870728	40.956960106893256
ENSG00000289963	416.3509476378958	411.44130757800895	341.1612017506091
ENSG00000290199	52.588535428821196	45.17087667161961	61.36204059025586
ENSG00000290397	4.958347626145998	4.606240713224369	5.578367326386896
ENSG00000290415	0.15025295836806057	0.0	0.14679914016807621
ENSG00000290416	1.3522766253125449	1.485884101040119	1.6147905418488382
ENSG00000290711	3.005059167361211	2.971768202080238	3.0827819435296004
ENSG00000290778	15.025295836806054	15.156017830609212	12.184328633950324
ENSG00000290796	6.460877209826603	6.240713224368499	6.60596130756343
ENSG00000290799	0.7512647918403027	0.5943536404160475	1.0275939811765336
ENSG00000290920	9.165430460451693	12.184249628528974	7.927153569076115
ENSG00000290922	46.12765821899459	41.75334323922734	46.975724853784385
ENSG00000290931	204.79478225566652	205.2005943536404	174.25057937950646
ENSG00000290950	20.284149379688174	18.27637444279346	16.14790541848838
ENSG00000290981	190.0699923355966	180.53491827637444	194.94925814320518
ENSG00000290983	4.958347626145998	2.526002971768202	4.697572485378439
ENSG00000290990	8.26391271024333	6.686478454680535	9.835542391261106
ENSG00000291015	318.83677765702447	327.4888558692422	325.60049289279306
ENSG00000291044	6.460877209826603	5.943536404160476	6.459162167395353
ENSG00000291064	473.59732477612687	468.79643387815753	361.12588481346745
ENSG00000293202	1.5025295836806054	1.3372956909361071	0.4403974205042286
ENSG00000293370	0.15025295836806057	0.1485884101040119	0.0
ENSG00000293427	24.040473338889687	24.962852897473997	20.25828134319452
ENSG00000293718	0.6010118334722423	0.2971768202080238	0.8807948410084572
ENSG00000293884	2.253794375520908	2.37741456166419	2.3487862426892194
ENSG00000294008	47.329681885939074	51.70876671619613	35.67219106084252
ENSG00000294022	0.15025295836806057	0.0	0.14679914016807621
ENSG00000294058	0.7512647918403027	0.2971768202080238	1.467991401680762
ENSG00000294146	21.185667129896537	23.476968796433876	21.139076184202974
ENSG00000294313	5.55935945961824	5.052005943536404	7.33995700840381
ENSG00000294355	265.94773631146717	267.90490341753343	211.6843601223659
ENSG00000294412	1.8030355004167267	2.2288261515601784	1.3211922615126859
ENSG00000294461	0.6010118334722423	0.5943536404160475	0.733995700840381
ENSG00000294472	6.3106242514585436	6.092124814264487	6.018764746891125
ENSG00000294480	2.404047333888969	1.7830609212481427	2.201987102521143
ENSG00000294483	0.7512647918403027	0.2971768202080238	0.8807948410084572
ENSG00000294602	0.6010118334722423	0.1485884101040119	0.29359828033615243
ENSG00000294606	0.45075887510418167	0.8915304606240714	0.8807948410084572
ENSG00000294629	0.7512647918403027	1.040118870728083	1.467991401680762
ENSG00000294751	0.6010118334722423	0.8915304606240714	0.29359828033615243
ENSG00000294783	23.89022038052163	23.179791976225854	35.67219106084252
ENSG00000294819	5.859865376354361	4.903417533432392	3.9635767845380574
ENSG00000294928	2.1035414171528477	2.971768202080238	3.0827819435296004
ENSG00000294968	31.402868298924652	30.312035661218424	29.213028893447163
ENSG00000295055	2.5543002922570293	1.188707280832095	2.3487862426892194
ENSG00000295065	0.7512647918403027	0.5943536404160475	0.5871965606723049
ENSG00000295071	0.45075887510418167	0.4457652303120357	0.5871965606723049
ENSG00000295080	0.9015177502083633	1.040118870728083	1.6147905418488382
ENSG00000295107	3.906576917569575	3.4175334323922733	3.669978504201905
ENSG00000295282	0.6010118334722423	0.8915304606240714	1.0275939811765336
ENSG00000295360	1.8030355004167267	1.485884101040119	1.6147905418488382
ENSG00000295361	2.253794375520908	1.7830609212481427	3.0827819435296004
ENSG00000295393	1.2020236669444846	1.040118870728083	1.7615896820169143
ENSG00000295412	1.9532884587847874	1.9316493313521546	2.789183663193448
ENSG00000295434	3.4558180424653924	2.6745913818722142	2.201987102521143
ENSG00000295452	0.6010118334722423	1.485884101040119	0.733995700840381
ENSG00000295474	0.15025295836806057	0.0	0.14679914016807621
ENSG00000295501	1.8030355004167267	2.2288261515601784	2.495585382857296
ENSG00000295601	3.1553121257292718	3.2689450222882614	3.816777644369982
ENSG00000295622	0.15025295836806057	0.0	0.14679914016807621
ENSG00000295759	0.6010118334722423	0.4457652303120357	0.29359828033615243
ENSG00000295778	4.958347626145998	5.646359583952451	4.403974205042286
ENSG00000295854	0.6010118334722423	0.4457652303120357	0.8807948410084572
ENSG00000295865	1.0517707085764239	1.3372956909361071	1.0275939811765336
ENSG00000295876	0.45075887510418167	0.0	0.8807948410084572
ENSG00000295890	0.45075887510418167	0.4457652303120357	0.4403974205042286
ENSG00000296052	1.9532884587847874	1.485884101040119	1.908388822184991
ENSG00000296155	0.6010118334722423	0.7429420505200595	0.4403974205042286
ENSG00000296191	0.15025295836806057	0.1485884101040119	0.0
ENSG00000296232	0.9015177502083633	0.7429420505200595	0.733995700840381
ENSG00000296310	1.2020236669444846	1.6344725111441307	0.4403974205042286
ENSG00000296451	92.55582235472531	88.8558692421991	98.64902219294721
ENSG00000296466	0.45075887510418167	0.7429420505200595	0.5871965606723049
ENSG00000296469	38.31450438385544	36.10698365527489	32.736208257480996
ENSG00000296570	0.6010118334722423	0.4457652303120357	0.8807948410084572
ENSG00000296627	1.6527825420486661	1.3372956909361071	1.3211922615126859
ENSG00000296654	3.005059167361211	2.37741456166419	2.495585382857296
ENSG00000296742	0.7512647918403027	0.5943536404160475	0.733995700840381
ENSG00000296781	1.8030355004167267	1.485884101040119	1.467991401680762
ENSG00000296820	1.0517707085764239	0.8915304606240714	1.6147905418488382
ENSG00000296836	2.8548062089931507	1.3372956909361071	1.7615896820169143
ENSG00000296842	2.404047333888969	2.37741456166419	2.3487862426892194
ENSG00000296914	1.0517707085764239	2.37741456166419	1.0275939811765336
ENSG00000297074	2.253794375520908	2.526002971768202	1.6147905418488382
ENSG00000297138	0.9015177502083633	1.188707280832095	0.5871965606723049
ENSG00000297155	7.212142001666907	7.87518573551263	6.459162167395353
ENSG00000297177	35.91045704996647	25.854383358098065	42.13135322823787
ENSG00000297194	1.0517707085764239	0.8915304606240714	0.8807948410084572
ENSG00000297197	3.7563239592015134	3.5661218424962855	2.6423845230253717
ENSG00000297273	0.30050591673612115	0.2971768202080238	0.4403974205042286
ENSG00000297345	0.9015177502083633	1.040118870728083	1.1743931213446097
ENSG00000297505	0.9015177502083633	0.8915304606240714	0.5871965606723049
ENSG00000297546	0.6010118334722423	0.4457652303120357	0.5871965606723049
ENSG00000297571	1.0517707085764239	0.5943536404160475	1.7615896820169143
ENSG00000297590	3.7563239592015134	6.092124814264487	5.2847690460507435
ENSG00000297713	2.1035414171528477	1.485884101040119	1.0275939811765336
ENSG00000297738	0.7512647918403027	0.4457652303120357	0.8807948410084572
ENSG00000297748	9.616189335555877	9.063893016344725	14.67991401680762
ENSG00000297762	1.9532884587847874	1.6344725111441307	3.0827819435296004
ENSG00000297777	0.30050591673612115	0.4457652303120357	0.0
ENSG00000297861	0.45075887510418167	0.5943536404160475	0.4403974205042286
ENSG00000297903	0.15025295836806057	0.1485884101040119	0.29359828033615243
ENSG00000297940	0.30050591673612115	0.4457652303120357	0.0
ENSG00000298026	1.0517707085764239	1.040118870728083	1.7615896820169143
ENSG00000298045	2.1035414171528477	1.485884101040119	1.6147905418488382
ENSG00000298068	0.9015177502083633	0.4457652303120357	0.733995700840381
ENSG00000298130	0.7512647918403027	0.8915304606240714	0.733995700840381
ENSG00000298208	0.45075887510418167	0.1485884101040119	0.29359828033615243
ENSG00000298301	0.7512647918403027	0.5943536404160475	0.5871965606723049
ENSG00000298316	1.3522766253125449	1.3372956909361071	0.4403974205042286
ENSG00000298334	1.0517707085764239	1.485884101040119	1.467991401680762
ENSG00000298339	8.864924543715572	10.401188707280832	5.725166466554971
ENSG00000298378	0.45075887510418167	0.5943536404160475	0.29359828033615243
ENSG00000298407	1.2020236669444846	1.485884101040119	1.1743931213446097
ENSG00000298470	6.460877209826603	6.983655274888559	6.459162167395353
ENSG00000298484	23.739967422153565	20.208023774145616	18.790289941513755
ENSG00000298486	1.6527825420486661	1.7830609212481427	2.201987102521143
ENSG00000298513	5.7096124179863015	6.537890044576523	5.431568186218819
ENSG00000298537	2.7045532506250898	2.37741456166419	1.908388822184991
ENSG00000298545	0.6010118334722423	0.5943536404160475	0.29359828033615243
ENSG00000298609	2.8548062089931507	2.2288261515601784	3.5231793640338287
ENSG00000298663	0.9015177502083633	0.4457652303120357	0.733995700840381
ENSG00000298665	3.6060710008334533	4.903417533432392	4.991170765714592
ENSG00000298701	6.611130168194665	6.537890044576523	7.193157868235734
ENSG00000298703	3.3055650840973323	2.971768202080238	3.816777644369982
ENSG00000298726	1.5025295836806054	1.188707280832095	1.7615896820169143
ENSG00000298743	1.3522766253125449	1.485884101040119	1.3211922615126859
ENSG00000298759	3.4558180424653924	3.4175334323922733	2.6423845230253717
ENSG00000298765	2.253794375520908	1.188707280832095	4.110375924706134
ENSG00000298810	6.3106242514585436	5.943536404160476	5.431568186218819
ENSG00000298832	4.958347626145998	5.49777117384844	4.110375924706134
ENSG00000298965	3.1553121257292718	4.011887072808321	4.403974205042286
ENSG00000299016	0.6010118334722423	1.188707280832095	0.8807948410084572
ENSG00000299076	0.30050591673612115	0.1485884101040119	0.0
ENSG00000299103	1.0517707085764239	0.7429420505200595	1.6147905418488382
ENSG00000299104	0.7512647918403027	0.5943536404160475	0.733995700840381
ENSG00000299123	0.6010118334722423	0.7429420505200595	1.6147905418488382
ENSG00000299144	9.916695252291996	11.887072808320951	12.03752949378225
ENSG00000299145	1.0517707085764239	0.0	1.1743931213446097
ENSG00000299161	2.8548062089931507	3.5661218424962855	5.137969905882667
ENSG00000299199	5.55935945961824	4.75482912332838	5.2847690460507435
ENSG00000299223	1.0517707085764239	1.3372956909361071	2.055187962353067
ENSG00000299267	1.0517707085764239	0.4457652303120357	0.5871965606723049
ENSG00000299465	0.6010118334722423	0.8915304606240714	0.8807948410084572
ENSG00000299489	0.30050591673612115	0.2971768202080238	0.29359828033615243
ENSG00000299503	1.8030355004167267	1.6344725111441307	0.4403974205042286
ENSG00000299520	0.30050591673612115	0.2971768202080238	0.0
ENSG00000299567	1.2020236669444846	1.485884101040119	0.8807948410084572
ENSG00000299581	3.906576917569575	3.5661218424962855	4.110375924706134
ENSG00000299733	1.6527825420486661	2.526002971768202	1.7615896820169143
ENSG00000299757	3.1553121257292718	2.080237741456166	2.055187962353067
ENSG00000299773	820.2308997312425	721.6939078751858	874.9228754017341
ENSG00000299784	1.0517707085764239	0.2971768202080238	1.1743931213446097
ENSG00000299801	0.30050591673612115	0.2971768202080238	0.29359828033615243
ENSG00000299803	0.45075887510418167	0.2971768202080238	1.0275939811765336
ENSG00000299904	3.4558180424653924	3.4175334323922733	4.991170765714592
ENSG00000299949	0.6010118334722423	0.8915304606240714	0.733995700840381
ENSG00000300120	0.15025295836806057	0.1485884101040119	0.0
ENSG00000300150	1.5025295836806054	1.6344725111441307	1.6147905418488382
ENSG00000300169	10.667960044132299	12.332838038632987	9.101546690420724
ENSG00000300174	0.7512647918403027	0.2971768202080238	1.1743931213446097
ENSG00000300226	1.9532884587847874	1.485884101040119	2.055187962353067
ENSG00000300291	0.15025295836806057	0.2971768202080238	0.5871965606723049
ENSG00000300440	2.1035414171528477	2.37741456166419	3.0827819435296004
ENSG00000300451	3.1553121257292718	3.714710252600297	3.5231793640338287
ENSG00000300548	2.253794375520908	2.080237741456166	1.908388822184991
ENSG00000300623	3.906576917569575	3.2689450222882614	4.550773345210362
ENSG00000300687	0.45075887510418167	0.4457652303120357	0.5871965606723049
ENSG00000300724	1.2020236669444846	1.188707280832095	1.1743931213446097
ENSG00000300754	2.253794375520908	2.971768202080238	2.3487862426892194
ENSG00000300892	0.6010118334722423	0.5943536404160475	0.29359828033615243
ENSG00000300957	0.6010118334722423	0.8915304606240714	1.3211922615126859
ENSG00000300959	0.30050591673612115	0.2971768202080238	0.8807948410084572
ENSG00000300982	0.6010118334722423	0.2971768202080238	0.5871965606723049
ENSG00000301075	0.7512647918403027	0.4457652303120357	0.4403974205042286
ENSG00000301306	3.3055650840973323	3.863298662704309	4.110375924706134
ENSG00000301322	0.7512647918403027	0.5943536404160475	1.3211922615126859
ENSG00000301328	1.5025295836806054	1.485884101040119	0.733995700840381
ENSG00000301405	0.7512647918403027	0.5943536404160475	0.8807948410084572
ENSG00000301473	0.45075887510418167	0.5943536404160475	0.733995700840381
ENSG00000301496	1.8030355004167267	1.6344725111441307	2.495585382857296
ENSG00000301505	4.808094667777938	5.49777117384844	4.110375924706134
ENSG00000301540	2.404047333888969	1.7830609212481427	2.6423845230253717
ENSG00000301561	1.3522766253125449	1.040118870728083	1.3211922615126859
ENSG00000301612	7.81315383513915	7.280832095096583	7.780354428908038
ENSG00000301723	3.005059167361211	3.714710252600297	3.0827819435296004
ENSG00000301739	1.2020236669444846	1.040118870728083	1.7615896820169143
ENSG00000301754	3.7563239592015134	4.011887072808321	4.697572485378439
ENSG00000301767	6.160371293090483	6.092124814264487	5.578367326386896
ENSG00000302054	1.3522766253125449	1.3372956909361071	1.3211922615126859
ENSG00000302057	10.367454127396178	10.99554234769688	7.486756148571887
ENSG00000302076	0.6010118334722423	1.188707280832095	0.733995700840381
ENSG00000302134	1.6527825420486661	1.3372956909361071	1.1743931213446097
ENSG00000302270	11.869983711076783	12.184249628528974	11.743931213446096
ENSG00000302395	0.45075887510418167	0.1485884101040119	0.14679914016807621
ENSG00000302490	0.15025295836806057	0.1485884101040119	0.0
ENSG00000302501	0.6010118334722423	0.7429420505200595	0.4403974205042286
ENSG00000302582	0.15025295836806057	0.1485884101040119	0.14679914016807621
ENSG00000302604	0.15025295836806057	0.0	0.14679914016807621
ENSG00000302643	0.7512647918403027	0.8915304606240714	0.14679914016807621
ENSG00000302720	0.15025295836806057	0.0	0.14679914016807621
ENSG00000302740	1.8030355004167267	1.3372956909361071	2.055187962353067
ENSG00000302749	1.6527825420486661	1.9316493313521546	0.8807948410084572
ENSG00000302840	1.3522766253125449	0.8915304606240714	1.6147905418488382
ENSG00000302854	1.0517707085764239	1.3372956909361071	0.733995700840381
ENSG00000302858	0.6010118334722423	0.0	0.8807948410084572
ENSG00000302971	0.6010118334722423	0.7429420505200595	0.4403974205042286
ENSG00000302993	0.45075887510418167	0.2971768202080238	0.4403974205042286
ENSG00000303017	0.30050591673612115	0.4457652303120357	0.4403974205042286
ENSG00000303026	0.30050591673612115	0.1485884101040119	0.29359828033615243
ENSG00000303069	0.15025295836806057	0.0	0.0
ENSG00000303129	1.2020236669444846	1.040118870728083	1.6147905418488382
ENSG00000303141	0.45075887510418167	0.4457652303120357	0.8807948410084572
ENSG00000303151	0.15025295836806057	0.2971768202080238	0.4403974205042286
ENSG00000303177	1.2020236669444846	1.7830609212481427	1.3211922615126859
ENSG00000303205	2.5543002922570293	3.2689450222882614	2.495585382857296
ENSG00000303227	0.6010118334722423	0.7429420505200595	0.5871965606723049
ENSG00000303430	1.5025295836806054	1.9316493313521546	1.7615896820169143
ENSG00000303445	14.574536961701874	12.778603268945023	12.77152519462263
ENSG00000303454	1.6527825420486661	1.188707280832095	1.467991401680762
ENSG00000303492	2.1035414171528477	2.2288261515601784	2.495585382857296
ENSG00000303516	2.1035414171528477	1.9316493313521546	2.055187962353067
ENSG00000303537	3.906576917569575	4.011887072808321	3.5231793640338287
ENSG00000303605	0.9015177502083633	0.8915304606240714	0.4403974205042286
ENSG00000303612	4.056829875937635	3.714710252600297	3.9635767845380574
ENSG00000303883	3.1553121257292718	3.2689450222882614	3.0827819435296004
ENSG00000303940	4.657841709409877	4.903417533432392	4.403974205042286
ENSG00000303951	1.0517707085764239	1.188707280832095	1.0275939811765336
ENSG00000304026	0.30050591673612115	0.1485884101040119	0.14679914016807621
ENSG00000304096	5.7096124179863015	4.903417533432392	4.25717506487421
ENSG00000304254	2.5543002922570293	2.6745913818722142	2.6423845230253717
ENSG00000304282	17.128837253958903	18.424962852897476	25.98344780974949
ENSG00000304318	0.6010118334722423	0.2971768202080238	0.4403974205042286
ENSG00000304364	1.2020236669444846	0.8915304606240714	1.0275939811765336
ENSG00000304386	1.6527825420486661	2.2288261515601784	1.1743931213446097
ENSG00000304424	1.3522766253125449	1.6344725111441307	1.0275939811765336
ENSG00000304445	0.15025295836806057	0.1485884101040119	0.14679914016807621
ENSG00000304449	4.056829875937635	3.5661218424962855	4.25717506487421
ENSG00000304470	1.8030355004167267	0.8915304606240714	0.8807948410084572
ENSG00000304489	0.30050591673612115	0.1485884101040119	0.29359828033615243
ENSG00000304491	9.015177502083633	8.172362555720653	6.60596130756343
ENSG00000304686	0.7512647918403027	0.2971768202080238	0.8807948410084572
ENSG00000304876	38.31450438385544	42.199108469539375	43.452545489750555
ENSG00000304926	1.6527825420486661	2.37741456166419	1.6147905418488382
ENSG00000304943	0.15025295836806057	0.2971768202080238	0.0
ENSG00000304944	1.3522766253125449	1.485884101040119	1.467991401680762
ENSG00000305190	1.9532884587847874	2.971768202080238	1.467991401680762
ENSG00000305333	1.2020236669444846	2.2288261515601784	1.467991401680762
ENSG00000305420	12.470995544549027	9.063893016344725	11.450332933109943
ENSG00000305435	43.12259905163338	40.11887072808321	42.5717506487421
ENSG00000305592	3.4558180424653924	2.526002971768202	3.9635767845380574
ENSG00000305663	3.4558180424653924	2.971768202080238	2.3487862426892194
ENSG00000305681	7.061889043298845	7.726597325408618	7.193157868235734
ENSG00000305857	1.3522766253125449	1.485884101040119	1.1743931213446097
ENSG00000306064	1.6527825420486661	2.8231797919762256	2.201987102521143
ENSG00000306112	1.0517707085764239	0.4457652303120357	1.7615896820169143
ENSG00000306130	0.15025295836806057	0.0	0.14679914016807621
ENSG00000306155	2.1035414171528477	1.485884101040119	1.1743931213446097
ENSG00000306187	4.207082834305695	4.903417533432392	2.935982803361524
ENSG00000306238	1.2020236669444846	1.6344725111441307	0.733995700840381
ENSG00000306452	3.906576917569575	3.1203566121842496	5.137969905882667
ENSG00000306469	0.9015177502083633	1.485884101040119	1.6147905418488382
ENSG00000306608	6.611130168194665	6.686478454680535	7.046358728067657
ENSG00000306617	0.6010118334722423	0.5943536404160475	0.4403974205042286
ENSG00000306709	2.7045532506250898	3.2689450222882614	4.550773345210362
ENSG00000306790	0.45075887510418167	0.4457652303120357	0.29359828033615243
ENSG00000306955	1.0517707085764239	1.3372956909361071	1.3211922615126859
ENSG00000306993	1.3522766253125449	1.7830609212481427	1.1743931213446097
ENSG00000307165	0.15025295836806057	0.0	0.14679914016807621
ENSG00000307221	0.15025295836806057	0.0	0.14679914016807621
ENSG00000307305	3.7563239592015134	6.240713224368499	2.935982803361524
ENSG00000307365	173.54216691510993	174.59138187221396	194.06846330219676
ENSG00000307538	6.010118334722422	5.200594353640416	5.578367326386896
ENSG00000307555	0.45075887510418167	0.5943536404160475	0.8807948410084572
ENSG00000307556	0.7512647918403027	1.040118870728083	1.3211922615126859
ENSG00000307561	29.299326881771808	29.27191679049034	16.001106278320307
ENSG00000307596	13.52276625312545	13.075780089153046	12.477926914286478
ENSG00000307604	1.2020236669444846	1.9316493313521546	0.8807948410084572
ENSG00000307622	46.428164135730704	53.19465081723626	41.10375924706133
ENSG00000307633	0.7512647918403027	0.2971768202080238	1.3211922615126859
ENSG00000307640	2.1035414171528477	1.6344725111441307	1.6147905418488382
ENSG00000307654	1.2020236669444846	1.3372956909361071	0.5871965606723049
ENSG00000307679	0.30050591673612115	0.2971768202080238	0.29359828033615243
ENSG00000307720	0.45075887510418167	0.2971768202080238	0.4403974205042286
ENSG00000307761	1.0517707085764239	0.4457652303120357	1.6147905418488382
ENSG00000307798	30.050591673612107	27.043090638930163	24.221858127732574
ENSG00000307819	2.253794375520908	2.080237741456166	3.816777644369982
ENSG00000307847	1.8030355004167267	1.6344725111441307	1.0275939811765336
ENSG00000307862	2.5543002922570293	2.8231797919762256	1.6147905418488382
ENSG00000307928	1.3522766253125449	1.3372956909361071	1.467991401680762
ENSG00000308374	0.30050591673612115	0.4457652303120357	0.14679914016807621
ENSG00000308395	0.15025295836806057	0.1485884101040119	0.14679914016807621
ENSG00000308419	0.15025295836806057	0.0	0.0
ENSG00000308444	2.1035414171528477	2.080237741456166	1.908388822184991
ENSG00000308520	0.45075887510418167	0.4457652303120357	0.29359828033615243
ENSG00000308539	1.5025295836806054	1.188707280832095	1.0275939811765336
ENSG00000308679	0.45075887510418167	0.1485884101040119	0.5871965606723049
ENSG00000308760	2.253794375520908	1.3372956909361071	1.908388822184991
ENSG00000308779	2.1035414171528477	1.7830609212481427	2.201987102521143
ENSG00000308781	1.6527825420486661	1.485884101040119	1.1743931213446097
ENSG00000308791	0.9015177502083633	0.7429420505200595	1.6147905418488382
ENSG00000308799	0.7512647918403027	0.4457652303120357	0.733995700840381
ENSG00000309045	0.45075887510418167	0.2971768202080238	0.0
ENSG00000309048	2.1035414171528477	1.485884101040119	1.1743931213446097
ENSG00000309254	71.37015522482876	75.48291233283804	92.04306088538378
ENSG00000309298	6.761383126562725	8.172362555720653	7.33995700840381
ENSG00000309348	0.15025295836806057	0.0	0.14679914016807621
ENSG00000309455	71.67066114156489	78.90044576523032	56.22407068437319
ENSG00000309628	1.0517707085764239	1.188707280832095	1.1743931213446097
ENSG00000309667	0.30050591673612115	0.2971768202080238	0.29359828033615243
ENSG00000309773	0.30050591673612115	0.1485884101040119	0.29359828033615243
ENSG00000309895	3.005059167361211	2.6745913818722142	2.201987102521143
ENSG00000309920	1.0517707085764239	1.040118870728083	1.0275939811765336
ENSG00000309931	4.958347626145998	3.714710252600297	2.201987102521143
ENSG00000309947	0.30050591673612115	0.0	0.29359828033615243
ENSG00000309962	1.0517707085764239	0.8915304606240714	0.8807948410084572
ENSG00000310037	2.5543002922570293	1.188707280832095	4.110375924706134
ENSG00000310052	13.37251329475739	11.887072808320951	11.59713207327802
ENSG00000310070	10.96846596086842	9.063893016344725	12.03752949378225
ENSG00000310096	0.6010118334722423	0.5943536404160475	0.4403974205042286
ENSG00000310179	1.5025295836806054	1.7830609212481427	1.467991401680762
ENSG00000310236	5.1086005845140585	6.537890044576523	4.844371625546515
ENSG00000310243	1.8030355004167267	2.080237741456166	1.6147905418488382
ENSG00000310416	41.01905763448053	31.64933135215453	45.36093431193555
ENTHD1	9.616189335555877	9.063893016344725	12.624726054454555
EP300	2309.838728992195	0.0	2075.2994445560935
EP300-AS1	17.429343170695024	17.830609212481427	17.322298539832993
EPIC1	29.299326881771808	30.75780089153046	34.05740051899368
ETFRF1P1	8.41416566861139	8.618127786032689	6.312363027227278
FAM118A	800.0970033099223	764.3387815750372	730.178923196011
FAM136EP	1.9532884587847874	1.3372956909361071	2.3487862426892194
FAM227A	33.65666267444556	39.673105497771175	45.50773345210363
FAM230A	0.15025295836806057	0.0	0.4403974205042286
FAM230B	2.404047333888969	3.1203566121842496	1.908388822184991
FAM230D	0.45075887510418167	0.1485884101040119	0.8807948410084572
FAM230E	0.9015177502083633	0.5943536404160475	0.29359828033615243
FAM230F	1.5025295836806054	0.5943536404160475	1.0275939811765336
FAM230G	2.8548062089931507	3.5661218424962855	1.6147905418488382
FAM230H	1.6527825420486661	1.485884101040119	1.3211922615126859
FAM230I	4.808094667777938	4.011887072808321	6.459162167395353
FAM230J	0.15025295836806057	0.0	0.0
FAM246A	5.859865376354361	8.469539375928678	5.2847690460507435
FAM246B	2.8548062089931507	3.714710252600297	2.935982803361524
FAM246C	7.662900876771087	8.469539375928678	7.046358728067657
FAM247A	25.09224404746611	27.043090638930163	28.332234052438707
FAM247B	2.404047333888969	2.080237741456166	1.908388822184991
FAM32BP	81.43710343548881	82.91233283803864	97.76822735193875
FAM83F	23.138955588681327	24.665676077265974	24.809054688404878
FBLN1	34.558180424653926	26.300148588410103	36.99338332235521
FBXW4P1	24.941991089098053	24.51708766716196	25.39625124907718
FOXRED2	236.4981564713273	259.28677563150075	226.36427413917352
FRG1FP	0.6010118334722423	1.040118870728083	0.29359828033615243
FRG1GP	3.1553121257292718	4.75482912332838	2.3487862426892194
FUNDC2P4	3.3055650840973323	3.4175334323922733	2.935982803361524
GAB4	3.7563239592015134	3.2689450222882614	4.403974205042286
GAL3ST1	21.335920088264597	19.613670133729567	20.25828134319452
GALR3	17.880102045799205	16.64190193164933	13.505520895463011
GAPDHP37	1.9532884587847874	1.6344725111441307	2.055187962353067
GAS2L1	1372.7110276506012	0.0	1384.756289205463
GCAT	227.7834848859798	253.19465081723624	225.04308187766082
GGT1	25.242497005834174	23.179791976225854	28.332234052438707
GGT2P	0.7512647918403027	1.3372956909361071	0.733995700840381
GGT5	18.030355004167266	14.858841010401187	14.092717456135315
GGTLC2	5.1086005845140585	5.794947994056463	4.25717506487421
GGTLC3	3.4558180424653924	3.5661218424962855	3.5231793640338287
GGTLC5P	2.8548062089931507	2.971768202080238	2.935982803361524
GNAZ	373.0780956278943	423.03120356612186	335.72963356439027
GNB1L	579.3754074672415	656.9093610698366	567.8190741701187
GOLGA2P4	0.30050591673612115	0.0	0.14679914016807621
GP1BB	11.26897187760454	12.630014858841012	13.652320035631087
GRAMD4	713.2507933731835	716.4933135215454	768.1999004995428
GRAMD4P2	1.3522766253125449	1.6344725111441307	1.6147905418488382
GRK3	871.9179174098554	1017.5334323922734	724.7473550097923
GRK3-AS1	3.4558180424653924	2.6745913818722142	2.055187962353067
GSC2	10.818213002500359	9.36106983655275	9.68874325109303
GSTT2	4.657841709409877	5.052005943536404	3.9635767845380574
GSTT2B	4.507588751041816	4.011887072808321	4.844371625546515
GSTT3P	9.315683418819754	9.212481426448738	7.046358728067657
GSTT4	9.315683418819754	8.915304606240714	10.569538092101487
GTPBP1	1236.7321003275065	1174.591381872214	0.0
GTSE1	494.18198007255114	500.0	363.18107277582055
GTSE1-DT	26.594773631146715	25.557206537890046	28.625832332774863
GUSBP11	166.93103674691525	203.5661218424963	188.9304933963141
H2AZP6	3.906576917569575	3.863298662704309	4.403974205042286
HDAC10	5.7096124179863015	6.240713224368499	6.312363027227278
HDHD5-AS1	6.911636084930785	9.063893016344725	5.871965606723048
HIC2	202.09022900504144	200.14858841010403	221.96029993413123
HIRA	404.48096392681896	392.1248142644874	479.592790929105
HMGN2P10	44.17436976020981	43.98216939078752	44.77373775126324
HMGN2P9	8.564418626979451	8.766716196136702	12.477926914286478
HMGXB4	1156.196514642226	1244.5765230312036	1061.0641851348548
HORMAD2	2.253794375520908	2.8231797919762256	2.055187962353067
HORMAD2-AS1	18.330860920903387	19.910846953937593	21.28587532437105
HPS4	1076.1116878320497	1177.8603268945024	1037.7231218481306
HSCB	574.1165539243593	596.1367013372957	529.2109003059147
HSFY1P1	0.30050591673612115	0.0	0.0
IFT27	1086.4791419594458	1101.3372956909361	970.3423165109838
IGKV1OR22-1	3.005059167361211	2.526002971768202	1.908388822184991
IGKV1OR22-5	4.958347626145998	5.3491827637444285	4.550773345210362
IGKV2OR22-3	3.1553121257292718	3.4175334323922733	3.5231793640338287
IGKV2OR22-4	3.7563239592015134	1.6344725111441307	3.9635767845380574
IGKV3OR22-2	1.8030355004167267	2.37741456166419	2.3487862426892194
IGLC2	0.0	14681.426448736998	16244.646051859143
IGLC3	0.0	4030.312035661218	3161.7598809400256
IGLC4	15.025295836806054	14.561664190193166	14.386315736471468
IGLC5	30.952109423820474	27.191679049034178	30.827819435296007
IGLC6	55.29308867944628	58.69242199108469	56.37086982454126
IGLC7	39.967286925904105	40.26745913818722	38.167776443699815
IGLCOR22-1	4.056829875937635	4.457652303120357	3.5231793640338287
IGLCOR22-2	1.3522766253125449	2.080237741456166	1.908388822184991
IGLJ2	125.46122023733056	126.1515601783061	132.85322185210896
IGLJ3	298.2521223606002	302.9717682020803	288.60710957043784
IGLJ4	0.15025295836806057	0.0	0.0
IGLJ5	1.8030355004167267	1.485884101040119	1.3211922615126859
IGLJ6	4.357335792673756	4.606240713224369	3.0827819435296004
IGLJ7	1.8030355004167267	1.040118870728083	2.201987102521143
IGLL1	13.22226033638933	17.08766716196137	10.863136372437639
IGLL5	269.55380731230065	258.9895988112927	268.3488282272433
IGLV1-36	184.21012695924225	187.815750371471	170.43380173513648
IGLV1-40	0.0	2365.824665676077	2623.594233083858
IGLV1-41	7.662900876771087	7.280832095096583	3.2295810836976764
IGLV1-44	3446.2018531298368	3438.484398216939	2972.829387543711
IGLV1-47	8255.34829161635	7733.729569093611	12575.107945077743
IGLV1-50	18.180607962535326	20.35661218424963	13.21192261512686
IGLV1-51	47.93069371941131	40.56463595839524	38.314575583867885
IGLV1-62	35.15919225812617	36.84992570579495	37.874178163363666
IGLV10-54	233.34284434559805	240.86181277860328	161.77265246521998
IGLV11-55	1.5025295836806054	1.188707280832095	1.467991401680762
IGLV2-11	957.862609596386	941.4561664190193	1326.6238296989047
IGLV2-14	4789.613553898666	4539.375928677563	3661.6109532123246
IGLV2-18	332.509796868518	378.4546805349183	227.97906468102235
IGLV2-23	2186.7815560887534	1910.5497771173848	1703.4572225103564
IGLV2-28	85.49393331142645	67.90490341753343	95.5662402494176
IGLV2-33	5.4091065012501796	5.3491827637444285	6.899559587899582
IGLV2-34	14.724789920069933	13.818722139673106	13.652320035631087
IGLV2-5	220.87184880104903	208.9153046062407	239.57619675430038
IGLV2-8	509.9585407011975	534.6210995542348	624.7771405553323
IGLV3-1	1428.6051281635196	1435.9583952451708	1855.5411317244834
IGLV3-10	266.09798926983524	254.68053491827635	243.0993761183342
IGLV3-12	14.12377808659769	15.304606240713223	10.12914067159726
IGLV3-13	9.766442293923935	9.658246656760772	9.395144970756878
IGLV3-15	1.5025295836806054	1.9316493313521546	0.8807948410084572
IGLV3-16	156.26307670278297	151.70876671619615	147.97353328942083
IGLV3-17	4.507588751041816	5.49777117384844	4.550773345210362
IGLV3-19	839.0125195272501	771.7682020802378	980.1778589022449
IGLV3-2	1.2020236669444846	1.3372956909361071	0.5871965606723049
IGLV3-21	2301.7250692403195	2138.632986627043	2187.1603893641673
IGLV3-22	13.072007378021267	12.035661218424963	15.12031143731185
IGLV3-24	4.357335792673756	3.4175334323922733	3.0827819435296004
IGLV3-25	27374.285979160217	26535.661218424964	26979.333176649718
IGLV3-26	2.5543002922570293	2.6745913818722142	2.201987102521143
IGLV3-27	151.15447611826892	130.0148588410104	156.48788341916924
IGLV3-29	4.958347626145998	5.943536404160476	8.51435012974842
IGLV3-30	3.6060710008334533	4.011887072808321	1.908388822184991
IGLV3-31	2.8548062089931507	3.1203566121842496	1.6147905418488382
IGLV3-32	4.808094667777938	5.3491827637444285	5.2847690460507435
IGLV3-4	1.3522766253125449	1.7830609212481427	1.908388822184991
IGLV3-6	7.81315383513915	6.240713224368499	8.807948410084572
IGLV3-7	3.005059167361211	2.971768202080238	2.055187962353067
IGLV3-9	1615.0690494982828	1683.6552748885588	1232.9659782716722
IGLV4-3	42.22108130142501	49.925705794947994	48.884113675969374
IGLV4-60	53.49005317902956	56.76077265973254	57.98566036639011
IGLV4-69	945.2413610934689	989.7473997028231	679.826818118361
IGLV5-37	32.75514492423719	31.946508172362556	31.26821685580023
IGLV5-45	375.78264887851947	412.481426448737	283.175541384219
IGLV5-48	7.963406793507209	6.092124814264487	7.780354428908038
IGLV5-52	0.6010118334722423	0.5943536404160475	0.14679914016807621
IGLV6-57	3787.57657454207	3781.4264487369987	4205.795365815383
IGLV7-35	3.3055650840973323	2.8231797919762256	3.2295810836976764
IGLV7-43	186.16341541802703	177.86032689450224	154.72629373715233
IGLV7-46	155.8123178276788	142.7934621099554	176.74616476236375
IGLV8-61	2103.5414171528478	2177.117384843982	1628.7364601648055
IGLV9-49	319.1372835737606	305.2005943536404	330.44486451833956
IGLVI-20	2.253794375520908	2.080237741456166	2.055187962353067
IGLVI-38	3.906576917569575	3.1203566121842496	3.0827819435296004
IGLVI-42	2.1035414171528477	2.526002971768202	3.669978504201905
IGLVI-56	0.45075887510418167	0.5943536404160475	0.5871965606723049
IGLVI-63	4.958347626145998	4.011887072808321	6.459162167395353
IGLVI-68	0.7512647918403027	1.3372956909361071	0.29359828033615243
IGLVI-70	23.89022038052163	25.557206537890046	30.2406228746237
IGLVIV-53	1.3522766253125449	0.8915304606240714	1.7615896820169143
IGLVIV-59	0.15025295836806057	0.1485884101040119	0.0
IGLVIV-64	1.2020236669444846	1.188707280832095	1.3211922615126859
IGLVIV-66-1	0.7512647918403027	0.0	0.4403974205042286
IGLVIVOR22-1	0.45075887510418167	0.4457652303120357	0.29359828033615243
IGLVIVOR22-2	0.45075887510418167	0.2971768202080238	0.5871965606723049
IGLVV-58	1.5025295836806054	1.188707280832095	1.467991401680762
IGLVV-66	2.8548062089931507	3.1203566121842496	2.201987102521143
IGLVVI-22-1	0.15025295836806057	0.1485884101040119	0.0
IGLVVI-25-1	0.9015177502083633	1.188707280832095	0.8807948410084572
IGLVVII-41-1	1.2020236669444846	1.3372956909361071	1.467991401680762
IL17RA	9946.445338048872	9636.404160475484	9368.133928965952
IL17REL	18.330860920903387	17.08766716196137	14.67991401680762
IL2RB	7645.020774725289	6985.141158989599	6573.078300165781
IL2RB-AS1	7.512647918403027	8.320950965824665	11.890730353614174
IL9RP6	0.6010118334722423	0.4457652303120357	1.0275939811765336
INPP5J	35.30944521649423	37.74145616641902	31.855413416472537
ISCA2P1	9.766442293923935	9.063893016344725	11.303533792941868
ISX	10.367454127396178	10.99554234769688	8.51435012974842
JOSD1	457.21975231400825	494.9479940564636	545.3588057244032
JTBP1	0.15025295836806057	0.4457652303120357	0.5871965606723049
KCNJ4	18.631366837639508	15.898959881129272	22.01987102521143
KCNMB3P1	1.2020236669444846	1.6344725111441307	1.0275939811765336
KCTD17	646.3882268993964	681.4264487369985	414.70757097481527
KDELR3	68.66560197420367	72.36255572065379	55.93047240403703
KIAA0930	7361.3431893263905	7742.19910846954	5812.511954954977
KIAA1671	41.77032242632083	42.34769687964339	42.13135322823787
KIAA1671-AS1	0.6010118334722423	0.4457652303120357	0.5871965606723049
KLHDC7B	4098.900704280692	3879.7919762258543	3252.922146984401
KLHDC7B-DT	300.5059167361211	333.87815750371476	291.24949409346317
KLHL12P1	28.397809131563445	29.123328380386333	27.1578409310941
KLHL22	713.2507933731835	838.4843982169391	764.3831228551728
KLHL5P1	5.7096124179863015	5.646359583952451	5.137969905882667
KREMEN1	128.0155205295876	141.1589895988113	119.93489751731826
KRT18P23	3.1553121257292718	3.1203566121842496	1.908388822184991
KRT18P5	7.81315383513915	5.49777117384844	8.51435012974842
KRT18P62	1.5025295836806054	1.188707280832095	1.1743931213446097
L3MBTL2	1095.7948253782654	1045.1708766716197	920.2838097136697
L3MBTL2-AS1	53.94081205413374	54.23476968796434	44.333340330759015
LARGE-AS1	3.6060710008334533	3.1203566121842496	3.3763802238657528
LARGE-IT1	0.6010118334722423	0.8915304606240714	0.4403974205042286
LARGE1	253.32648780855007	253.34323922734026	264.53205058287335
LARGE1-AS1	0.9015177502083633	0.2971768202080238	0.4403974205042286
LGALS1	13029.035031928002	14782.169390787518	14917.581824739736
LGALS2	2223.2930249721917	2287.221396731055	1807.8314111698585
LHFPL7	0.6010118334722423	0.7429420505200595	0.4403974205042286
LIF	17.429343170695024	18.12778603268945	12.184328633950324
LIF-AS1	1.0517707085764239	1.485884101040119	0.5871965606723049
LIF-AS2	4.056829875937635	3.714710252600297	3.3763802238657528
LIMK2	3373.7799271964313	3250.3714710252602	3892.5260006967087
LINC00207	1.3522766253125449	0.8915304606240714	1.0275939811765336
LINC00229	4.056829875937635	5.49777117384844	4.991170765714592
LINC00528	755.0211157995043	793.0163447251115	694.5067321351686
LINC00895	4.507588751041816	4.903417533432392	3.3763802238657528
LINC00896	8.864924543715572	10.401188707280832	8.807948410084572
LINC00898	5.7096124179863015	5.3491827637444285	7.193157868235734
LINC00899	206.4475647977152	180.9806835066865	164.85543440874957
LINC01222	0.7512647918403027	0.2971768202080238	0.29359828033615243
LINC01310	10.066948210660057	10.549777117384844	8.95474755025265
LINC01311	18.631366837639508	21.2481426448737	15.267110577479928
LINC01315	29.90033871524405	29.717682020802375	27.1578409310941
LINC01399	6.611130168194665	5.943536404160476	4.697572485378439
LINC01521	43.87386384347368	40.11887072808321	44.333340330759015
LINC01589	5.4091065012501796	5.3491827637444285	4.403974205042286
LINC01634	2.1035414171528477	1.3372956909361071	1.1743931213446097
LINC01637	127.26425573774728	138.33580980683507	92.483458305888
LINC01638	4.207082834305695	4.011887072808321	2.495585382857296
LINC01639	3.005059167361211	2.37741456166419	3.3763802238657528
LINC01640	1.3522766253125449	1.188707280832095	1.467991401680762
LINC01643	1.5025295836806054	1.7830609212481427	2.201987102521143
LINC01644	17.729849087431145	19.167904903417533	17.02870025949684
LINC01651	0.30050591673612115	0.2971768202080238	0.29359828033615243
LINC01656	2.253794375520908	2.8231797919762256	1.6147905418488382
LINC01659	22.087184880104903	21.693907875185737	14.826713156975696
LINC01664	68.51534901583561	69.24219910846953	58.426057786894326
LINC01665	1.0517707085764239	0.7429420505200595	1.0275939811765336
LINC02554	4.808094667777938	5.052005943536404	5.578367326386896
LINC02556	0.9015177502083633	1.040118870728083	0.8807948410084572
LINC02557	0.30050591673612115	0.4457652303120357	0.14679914016807621
LINC02558	1.9532884587847874	1.6344725111441307	1.467991401680762
LINC02559	0.9015177502083633	0.2971768202080238	1.0275939811765336
LINC02885	5.55935945961824	6.240713224368499	6.018764746891125
LINC02891	6.611130168194665	6.983655274888559	8.07395270924419
LINC02925	11.869983711076783	11.292719167904902	7.927153569076115
LINC02939	18.481113879271447	17.533432392273404	18.937089081681833
LL22NC01-81G9.3	2.253794375520908	1.485884101040119	3.669978504201905
LL22NC03-63E9.3	4.056829875937635	3.714710252600297	2.935982803361524
LMF2	2432.144637103796	2298.662704309064	2517.898852162843
LRRC37A14P	2.1035414171528477	2.6745913818722142	2.495585382857296
LRRC74B	5.4091065012501796	6.3893016344725115	6.312363027227278
LRRC75B	70.31838451625234	70.72808320950965	61.802438010760085
LZTR1	68.81585493257172	63.29866270430906	65.47241651496199
MAFF	593.6494385122072	531.9465081723625	712.5630263758419
MAPK1	6056.245992941416	6454.977711738485	4868.740282814416
MAPK11	88.79949839552378	76.96879643387815	92.04306088538378
MAPK12	303.3607229451142	271.9167904903418	235.31902168942617
MAPK8IP2	75.27673214239833	64.48736998514117	83.23511247529922
MB	4.207082834305695	5.49777117384844	3.669978504201905
MCAT	675.086541947696	710.1040118870728	801.0829078971918
MCHR1	4.056829875937635	3.4175334323922733	3.816777644369982
MCM5	4885.925700212593	4717.3848439821695	3942.1441100735187
MED15	2663.233687073873	2571.3224368499255	3270.5380438045695
MEI1	2140.5036449113904	2509.212481426449	2666.459582012936
MFNG	13956.847049850776	14210.846953937593	15727.03228362651
MGAT3	234.39461505417447	232.09509658246657	201.8488177311048
MGAT3-AS1	23.439461505417444	25.854383358098065	23.781460707228348
MIAT	64.60877209826603	60.475482912332836	62.9768311321047
MIATNB	622.648259477243	605.2005943536403	527.1557123435617
MICAL3	80.53558568528045	81.42644873699852	104.08059037916603
MICALL1	459.92430556463336	461.2184249628529	455.9581293620447
MIEF1	1274.8963517529937	1267.3105497771173	801.5233053176961
MIF	6.911636084930785	6.537890044576523	7.927153569076115
MIF-AS1	1.5025295836806054	0.8915304606240714	2.201987102521143
MIOX	8.26391271024333	8.618127786032689	10.12914067159726
MIR1249	0.45075887510418167	0.1485884101040119	0.5871965606723049
MIR1286	0.15025295836806057	0.2971768202080238	0.14679914016807621
MIR181A1HG	110.43592440052451	88.55869242199108	133.1468201324451
MIR185	0.15025295836806057	0.0	0.0
MIR3198-1	4.357335792673756	3.4175334323922733	3.0827819435296004
MIR3619	0.45075887510418167	0.5943536404160475	0.29359828033615243
MIR3667HG	568.1064355896369	440.71322436849925	544.0376134628905
MIR3928	1.2020236669444846	1.9316493313521546	1.0275939811765336
MIR4534	0.15025295836806057	0.0	0.5871965606723049
MIR4535	0.15025295836806057	0.0	0.0
MIR4762	0.15025295836806057	0.0	0.14679914016807621
MIR4764	0.30050591673612115	0.1485884101040119	0.14679914016807621
MIR4766	0.15025295836806057	0.1485884101040119	0.14679914016807621
MIR548J	0.15025295836806057	0.0	0.4403974205042286
MIR5571	0.30050591673612115	0.1485884101040119	0.29359828033615243
MIR6069	0.15025295836806057	0.0	0.14679914016807621
MIR648	0.15025295836806057	0.0	0.0
MIR659	2.253794375520908	2.971768202080238	2.3487862426892194
MIR6816	0.30050591673612115	0.5943536404160475	0.14679914016807621
MIR6817	0.15025295836806057	0.0	0.0
MIR6820	0.30050591673612115	0.0	0.0
MIR6821	0.15025295836806057	0.2971768202080238	0.0
MIR6889	0.30050591673612115	0.2971768202080238	0.5871965606723049
MIRLET7BHG	247.91738130729993	252.60029717682022	225.33668015799697
MLC1	637.8238082724171	691.5304606240713	486.9327479375088
MMP11	58.598653763543616	66.27043090638931	51.08610077849052
MN1	24.040473338889687	25.40861812778603	25.24945210890911
MORC2	935.474918799545	971.1738484398218	1026.713186335525
MORC2-AS1	8.26391271024333	6.8350668647845465	7.633555288739964
MOV10L1	21.03541417152848	21.693907875185737	25.39625124907718
MPPE1P2	198.3339050458399	182.6151560178306	204.49120225413017
MPPED1	13.22226033638933	10.698365527488857	11.156734652773793
MPST	1159.8025856430593	1100.4457652303122	1105.8379228861181
MRPL40	2850.5991261588447	2817.979197622585	2224.1537726865226
MRPS16P3	0.6010118334722423	0.2971768202080238	0.4403974205042286
MRPS18CP6	2.7045532506250898	2.971768202080238	3.816777644369982
MRTFA	2743.3185138840495	2827.4888558692423	2982.3713316546364
MRTFA-AS1	3.6060710008334533	4.457652303120357	3.5231793640338287
MTCO1P20	0.30050591673612115	0.1485884101040119	0.733995700840381
MTCO2P20	0.30050591673612115	0.0	0.29359828033615243
MTCO3P20	0.15025295836806057	0.1485884101040119	0.14679914016807621
MTCYBP34	0.45075887510418167	0.5943536404160475	0.733995700840381
MTFP1	255.27977626733488	228.82615156017832	244.71416666018303
MTFR2P2	1.0517707085764239	0.7429420505200595	0.29359828033615243
MTMR3	2683.9685953286653	2793.4621099554233	3287.1263466435626
MTND1P10	0.9015177502083633	0.8915304606240714	0.733995700840381
MTND1P17	0.15025295836806057	0.2971768202080238	0.29359828033615243
MYH9	18677.344242900137	18153.194650817237	22473.773966611123
MYH9-DT	46.57841709409877	42.94205052005943	43.59934462991863
MYO18B	26.44452067277866	29.420505200594352	20.11148220302644
MYO18B-AS1	4.207082834305695	5.052005943536404	5.431568186218819
Metazoa	9.165430460451693	9.063893016344725	7.633555288739964
NAGA	6572.214651977337	5761.069836552749	6639.4315115217505
NBEAP3	0.15025295836806057	0.1485884101040119	0.0
NCAPH2	1508.3894490569598	1388.261515601783	1327.357825399745
NCF4	23996.749728004583	21979.49479940565	19964.389464578027
NCF4-AS1	9.315683418819754	8.766716196136702	8.07395270924419
NDUFA6	2794.254266770822	2653.3432392273403	2037.7188646730658
NDUFA6-DT	29.149073923403748	26.448736998514114	29.947024594287548
NDUFA9P1	74.82597326729416	83.50668647845468	76.18875374723154
NEFH	222.37437838472962	228.97473997028231	206.6931893566513
NEK2P2	0.7512647918403027	0.7429420505200595	0.5871965606723049
NEK7	8550.294848892854	10171.173848439823	10777.405674579482
NF1P6	0.15025295836806057	0.1485884101040119	0.0
NF2	3602.0141709575155	3443.2392273402675	4417.626525077917
NFAM1	4130.00306666288	3341.3075780089152	3891.204808435196
NHIP	9.465936377187814	12.035661218424963	6.899559587899582
NIPSNAP1	2304.429622490945	2051.263001485884	2359.5025799214886
NOL12	180.45380300004072	161.3670133729569	177.186562182868
NPTXR	77.07976764281506	79.49479940564636	61.802438010760085
NUP50	8557.957749769625	10301.634472511143	10596.989531312916
NUP50-DT	590.494126386478	649.9257057949479	514.0905888686029
OGFRP1	64.60877209826603	70.87667161961367	49.618109376809755
OLA1P1	188.26695683517985	194.50222882615157	227.24506898018197
OR11H1	0.30050591673612115	0.2971768202080238	0.0
OSBP2	464.13138839893907	487.369985141159	407.8080113869157
OSM	1061.2366449536116	1094.6508172362555	786.6965921607205
P2RX6	6.460877209826603	6.240713224368499	7.927153569076115
PABPC1P9	0.7512647918403027	0.5943536404160475	0.4403974205042286
PACSIN2	5669.645131060397	5325.1114413075775	5631.655414267908
PANX2	339.42143295344874	344.42793462109955	393.1280973701081
PARP4P3	0.7512647918403027	0.5943536404160475	1.467991401680762
PARVB	6333.612954088856	6225.111441307578	6138.993242688778
PARVG	6828.39594599488	6265.527488855869	5081.745835198294
PATZ1	903.7715445838842	806.0921248142645	766.1447125371897
PCAT14	10.217201169028117	12.481426448736999	12.77152519462263
PDGFB	197.88314617073573	217.38484398216937	168.3786137727834
PDXP	562.5470761300187	603.2689450222883	568.259471590623
PDXP-DT	4.808094667777938	4.457652303120357	6.018764746891125
PEBP1P3	62.20472476437707	65.0817236255572	74.13356578487848
PES1	5213.477149454965	5571.025260029718	4174.527148959583
PES1-AS1	0.6010118334722423	0.7429420505200595	0.5871965606723049
PEX26	318.98703061539254	306.5378900445765	347.62036391800444
PHETA2	290.1384626087249	304.45765230312037	278.7715671791767
PHF10P2	14.875042878437993	12.332838038632987	17.46909768000107
PHF21B	18.180607962535326	17.08766716196137	28.625832332774863
PHF5A	4302.9442217445185	3805.052005943536	3336.1572594597
PI4KA	897.9116792075299	841.0104011887073	849.9670215731612
PI4KAP1	88.04823360368349	93.16493313521545	58.13245950655818
PICK1	238.0006860550079	200.89153046062407	246.03535892169572
PIK3IP1	9963.123416427727	10219.019316493313	10241.588812966005
PIK3IP1-DT	27.94705025645926	28.38038632986627	26.71744351058987
PIM3	7561.329876914279	7802.674591381872	6664.093767069988
PISD	3062.305544499442	3104.4576523031205	2155.598574228031
PITPNB	5241.874958586528	5845.765230312035	5465.331988457477
PIWIL3	4.958347626145998	5.646359583952451	4.25717506487421
PKDREJ	26.594773631146715	22.288261515601786	21.579473604707204
PLA2G3	5.859865376354361	6.8350668647845465	5.137969905882667
PLA2G6	168.28331337222784	168.9450222882615	121.10929063866287
PLXNB2	1033.5901006138886	1040.7132243684991	1080.735269917377
PMM1	843.820614195028	863.1500742942051	796.9725319724857
PNPLA3	11.419224835972603	9.212481426448738	9.68874325109303
PNPLA5	10.818213002500359	10.401188707280832	11.156734652773793
POLDIP3	1.0517707085764239	0.2971768202080238	0.8807948410084572
POLR2F	3069.517686501109	3463.7444279346214	3179.9629743208666
POLR3H	1351.5253605207045	1212.481426448737	1106.4251194467904
POM121L10P	0.45075887510418167	0.2971768202080238	0.4403974205042286
POM121L15P	8.714671585347512	8.320950965824665	8.95474755025265
POM121L1P	0.7512647918403027	0.7429420505200595	1.1743931213446097
POM121L4P	0.30050591673612115	0.1485884101040119	0.0
POM121L7P	2.8548062089931507	2.37741456166419	1.7615896820169143
POM121L8P	1.3522766253125449	1.485884101040119	0.733995700840381
POM121L9P	11.869983711076783	11.887072808320951	10.569538092101487
POTEH	0.15025295836806057	0.0	0.29359828033615243
POTEH-AS1	0.15025295836806057	0.1485884101040119	0.14679914016807621
PPARA	732.1826661275591	642.4962852897474	613.7672050427266
PPIL2	1118.7835280085787	1149.62852897474	1290.2176429372219
PPM1F	1822.7186379629425	1870.7280832095098	1868.8998534797781
PPM1F-AS1	224.92867867698666	225.70579494799404	225.04308187766082
PPP1R26P2	2.253794375520908	1.485884101040119	2.6423845230253717
PPP1R26P3	3.906576917569575	2.6745913818722142	4.110375924706134
PPP1R26P4	1.8030355004167267	1.485884101040119	1.6147905418488382
PPP1R26P5	4.207082834305695	3.4175334323922733	3.9635767845380574
PPP6R2	1165.0614391859415	1233.4323922734027	1547.1161382313553
PRAME	37.7134925503832	47.84546805349183	29.50662717378332
PRAMENP	9.165430460451693	10.104011887072808	10.12914067159726
PRDX3P1	110.13541848378838	92.5705794947994	114.65012847126751
PRODH	10.96846596086842	9.36106983655275	12.624726054454555
PRODHLP	16.377572462118597	21.2481426448737	17.175499399664915
PRR13P1	13.52276625312545	12.481426448736999	11.890730353614174
PRR14L	854.3383212807922	986.7756315007431	948.4692446259403
PRR34	48.982464427987736	61.812778603268946	30.093823734455622
PRR5	280.6725262315371	263.5958395245171	247.79694860371262
PRR5-ARHGAP8	0.7512647918403027	1.040118870728083	0.29359828033615243
PSLNR	2.7045532506250898	3.1203566121842496	1.0275939811765336
PTPRC	41541.63742368464	37132.83803863299	33716.97331294391
PTPRC-AS1	67.61383126562724	64.19019316493313	68.4083993183235
PVALB	31.553121257292712	28.528974739970284	36.406186761682896
RAB36	61.3032070141687	55.57206537890044	63.41722855260892
RABL2B	1391.4926474466088	1267.0133729569093	1243.5355163637737
RAC2	65763.91684219969	58980.83209509658	68053.8793948176
RANBP1	10966.963431284741	10858.395245170877	10932.865964017476
RANGAP1	2830.9159886126286	2617.8306092124817	3208.7356057938096
RASD2	17.429343170695024	17.38484398216939	19.37748650218606
RASL10A	28.848568006667627	23.32838038632987	28.625832332774863
RBFOX2	122.6064140283374	128.23179791976227	100.11701359462798
RBX1	13627.34231214962	14413.967310549777	11889.40916135266
RFKP4	1.6527825420486661	1.3372956909361071	1.6147905418488382
RFPL1	0.15025295836806057	0.0	0.0
RFPL1S	39.967286925904105	43.536404160475485	38.167776443699815
RFPL2	26.895279547882836	27.4888558692422	30.68102029512793
RFPL3	0.9015177502083633	1.040118870728083	1.0275939811765336
RFPL3S	5.55935945961824	6.537890044576523	6.7527604477315055
RFPL4AP6	0.6010118334722423	0.4457652303120357	0.4403974205042286
RGL4	7372.612161203995	7246.805349182764	6588.198611603092
RGL4P1	21.486173046632658	22.436849925705793	21.579473604707204
RHBDD3	491.17692090518995	486.4784546805349	366.9978504201905
RHEBP3	0.30050591673612115	0.4457652303120357	0.14679914016807621
RIBC2	21.486173046632658	17.236255572065378	21.139076184202974
RIMBP3	34.257674507917805	36.40416047548291	27.745037491766404
RIMBP3B	38.46475734222351	34.02674591381872	39.92936612571673
RIMBP3C	15.6263076702783	15.60178306092125	16.588302838992615
RN7SKP169	0.15025295836806057	0.0	0.14679914016807621
RN7SKP210	0.15025295836806057	0.0	0.0
RN7SKP214	0.9015177502083633	0.5943536404160475	0.733995700840381
RN7SKP221	0.7512647918403027	0.5943536404160475	1.0275939811765336
RN7SKP252	0.9015177502083633	0.7429420505200595	0.29359828033615243
RN7SKP80	10.367454127396178	6.8350668647845465	7.193157868235734
RN7SL162P	0.45075887510418167	0.1485884101040119	1.0275939811765336
RN7SL168P	0.15025295836806057	0.1485884101040119	0.0
RN7SL20P	1.0517707085764239	0.7429420505200595	1.0275939811765336
RN7SL263P	3.005059167361211	4.3090638930163445	2.3487862426892194
RN7SL268P	0.6010118334722423	0.2971768202080238	1.0275939811765336
RN7SL280P	0.30050591673612115	0.5943536404160475	0.0
RN7SL385P	0.9015177502083633	0.5943536404160475	0.4403974205042286
RN7SL704P	0.30050591673612115	0.4457652303120357	0.4403974205042286
RN7SL757P	0.30050591673612115	0.2971768202080238	0.733995700840381
RN7SL812P	0.15025295836806057	0.1485884101040119	0.14679914016807621
RN7SL843P	0.7512647918403027	0.8915304606240714	0.29359828033615243
RNA5SP493	0.30050591673612115	0.1485884101040119	0.29359828033615243
RNA5SP494	0.6010118334722423	0.4457652303120357	1.0275939811765336
RNA5SP495	0.15025295836806057	0.0	0.0
RNF185	1867.3437665982565	1898.51411589896	1341.010145435376
RNF215	51.53676472024477	49.03417533432392	55.63687412370088
RNU6-1066P	0.15025295836806057	0.2971768202080238	0.0
RNU6-1128P	1.5025295836806054	1.040118870728083	1.1743931213446097
RNU6-1161P	0.15025295836806057	0.5943536404160475	0.14679914016807621
RNU6-225P	0.15025295836806057	0.1485884101040119	0.0
RNU6-375P	1.0517707085764239	1.3372956909361071	1.467991401680762
RNU6-379P	1.2020236669444846	1.040118870728083	1.467991401680762
RNU6-476P	1.2020236669444846	1.188707280832095	1.3211922615126859
RNU6-495P	0.30050591673612115	0.4457652303120357	0.14679914016807621
RNU6-564P	0.9015177502083633	1.040118870728083	0.733995700840381
RNU6ATAC22P	0.30050591673612115	0.4457652303120357	0.29359828033615243
RNY1P9	2.1035414171528477	2.2288261515601784	2.3487862426892194
RPEP4	10.217201169028117	9.36106983655275	10.12914067159726
RPL13AP26	85.79443922816257	91.38187221396731	76.77595030790386
RPL15P22	274.66240789681467	265.82466567607725	357.3091071690975
RPL17P52	1.0517707085764239	1.040118870728083	1.3211922615126859
RPL28P6	7.81315383513915	7.87518573551263	6.165563887059201
RPL3	122239.79680991934	112612.77860326895	122258.14070961824
RPL31P62	2.8548062089931507	2.6745913818722142	1.1743931213446097
RPL32P5	6.3106242514585436	5.794947994056463	6.165563887059201
RPL34P35	2.5543002922570293	3.4175334323922733	4.25717506487421
RPL35AP36	22.688196713577142	23.476968796433876	24.0750589875645
RPL35P8	4.958347626145998	4.3090638930163445	6.165563887059201
RPL36P17	0.7512647918403027	0.7429420505200595	1.0275939811765336
RPL39P41	1.3522766253125449	1.485884101040119	1.6147905418488382
RPL4P6	24.340979255625808	24.368499257057948	19.23068736201798
RPL5P34	181.50557370861713	178.30609212481428	163.5342421472369
RPL5P35	4.207082834305695	2.080237741456166	2.935982803361524
RPL7AP70	230.48803813660487	212.92719167904903	175.42497250085106
RPL7P52	25.843508839306413	24.962852897473997	22.166670165379507
RPL8P5	2.5543002922570293	2.8231797919762256	2.055187962353067
RPS10P29	5.55935945961824	4.457652303120357	3.9635767845380574
RPS10P30	2.404047333888969	1.9316493313521546	2.789183663193448
RPS15AP37	2.253794375520908	2.526002971768202	2.495585382857296
RPS15AP38	28.397809131563445	30.0148588410104	24.662255548236804
RPS17P16	320.18905428233705	316.4933135215453	359.5110942716186
RPS18P14	20.885161213160416	21.842496285289748	17.175499399664915
RPS19BP1	3815.8241307152657	3223.031203566122	3550.484004105091
RPS25P10	10.96846596086842	10.25260029717682	9.982341531429183
RPS26P59	2.8548062089931507	2.6745913818722142	1.7615896820169143
RPS29P31	0.9015177502083633	0.5943536404160475	0.29359828033615243
RPS3AP51	3.1553121257292718	3.1203566121842496	3.3763802238657528
RPS3AP55	8.714671585347512	9.212481426448738	6.459162167395353
RPS9P2	395.01502754963116	430.7578008915305	533.4680753707889
RRP7A	5493.999422728134	5354.531946508172	5485.296671520336
RRP7BP	294.0450395262945	341.15898959881133	330.5916636585076
RSPH14	24.941991089098053	23.179791976225854	21.726272744875278
RTCB	11371.895154086662	10976.077265973254	11595.810881016509
RTL10	734.1359545863438	694.2050520059436	904.5763017156855
RTL6	198.7846639209441	191.2332838038633	145.91834532706775
RTN4R	132.97386815573358	128.23179791976227	130.94483302992398
SAMM50	1834.4383687156512	1828.0832095096582	2548.286274177635
SBF1	919.5481052125306	902.0802377414561	962.4151629419076
SCARF2	63.55700138968961	65.23031203566123	84.70310387697997
SCO2	182.55734441719358	186.92421991084694	167.64461807194303
SCUBE1	27.94705025645926	30.0148588410104	26.27704609008564
SCUBE1-AS1	3.3055650840973323	3.863298662704309	2.789183663193448
SCUBE1-AS2	0.9015177502083633	0.5943536404160475	0.5871965606723049
SDC4P	1.5025295836806054	1.040118870728083	2.055187962353067
SDF2L1	3650.095117635295	3884.695393759287	3010.703565707075
SEC14L2	92.25531643798918	87.518573551263	108.48456458420833
SEC14L3	4.657841709409877	4.457652303120357	4.991170765714592
SEC14L4	3.1553121257292718	2.37741456166419	5.578367326386896
SEC14L6	5.859865376354361	5.794947994056463	6.165563887059201
SELENOM	945.0911081351009	979.0490341753343	904.7231008558537
SELENOO	799.045232601346	840.1188707280833	947.1480523644277
SELENOO-AS1	15.476054711910237	14.858841010401187	13.945918315967239
SEPTIN3	33.05565084097332	23.774145616641903	30.093823734455622
SEPTIN5	35.30944521649423	33.58098068350669	31.415015995968307
SERHL	4.207082834305695	4.3090638930163445	4.550773345210362
SERHL2	29.149073923403748	25.854383358098065	23.487862426892193
SERPIND1	59.65042447212004	58.246656760772666	67.52760447731505
SEZ6L	76.1782498926067	71.91679049034175	63.85762597311316
SEZ6L-AS1	3.1553121257292718	3.1203566121842496	2.789183663193448
SF3A1	6432.028641819936	6408.172362555721	7017.586096594715
SFI1	872.6691822016957	804.3090638930163	831.6171290521518
SGSM1	31.402868298924652	32.5408618127786	30.974618575464078
SGSM3	16.82833133722278	13.075780089153046	17.762695960337222
SGSM3-AS1	27.796797298091203	29.123328380386333	25.83664866958141
SH3BP1	1007.8968447329502	937.2956909361069	975.3334872766984
SHANK3	100.06847027312831	102.22882615156018	120.66889321815864
SHISA8	94.95986968861426	82.4665676077266	115.09052589177175
SHISAL1	15.6263076702783	13.224368499257057	17.762695960337222
SIRPAP1	89.55076318736408	101.3372956909361	78.83113827025693
SKP1P4	1.5025295836806054	0.8915304606240714	1.908388822184991
SLC16A8	14.724789920069933	13.224368499257057	11.743931213446096
SLC25A1	3191.523088695974	3544.5765230312036	2696.7002048875597
SLC25A15P5	0.15025295836806057	0.1485884101040119	0.29359828033615243
SLC25A17	2772.1670818907173	2591.3818722139677	3542.850448816351
SLC25A18	20.584655296424295	20.50520059435364	20.405080483362593
SLC25A5P1	0.30050591673612115	0.1485884101040119	0.14679914016807621
SLC2A11	44.77538159368204	50.965824665676074	35.96578934117867
SLC35E4	239.50321563868852	239.8216939078752	269.0828239280837
SLC39A1P1	0.9015177502083633	1.3372956909361071	0.8807948410084572
SLC5A1	6.611130168194665	9.063893016344725	4.991170765714592
SLC5A4	2.253794375520908	1.6344725111441307	2.3487862426892194
SLC5A4-AS1	2.7045532506250898	3.4175334323922733	1.908388822184991
SLC7A4	4.657841709409877	4.3090638930163445	4.844371625546515
SLC9A3P2	0.6010118334722423	0.4457652303120357	0.29359828033615243
SLC9B1P4	0.45075887510418167	0.1485884101040119	0.4403974205042286
SMARCB1	6886.2433349665835	6843.090638930164	6927.5982236716845
SMC1B	20.584655296424295	19.01931649331352	12.477926914286478
SMDT1	2323.511748203688	2365.081723625557	1792.8578988727147
SMIM45	31.553121257292712	35.661218424962854	28.919430613111015
SMPD4P1	4.056829875937635	4.75482912332838	3.3763802238657528
SMTN	212.60793609080565	213.52154531946508	290.80909667295896
SNAP29	2838.5788894894	2701.931649331352	3720.037010999219
SNORD83A	1.3522766253125449	1.040118870728083	1.3211922615126859
SNRPA1P2	275.7141786053911	239.9702823179792	294.9194725976651
SNRPD3	353.54521104004647	316.3447251114413	396.0640801734696
SNRPNP2	10.367454127396178	9.806835066864783	9.101546690420724
SNU13	13197.618851216967	12408.17236255572	10169.51043514348
SOCS2P2	0.15025295836806057	0.0	0.0
SOX10	26.294267714410598	26.59732540861813	23.19426414655604
SPECC1L	439.48990322657716	489.45022288261515	395.7704818931335
SPECC1L-ADORA2A	0.6010118334722423	1.188707280832095	0.29359828033615243
SREBF2	2887.7116068757555	3103.1203566121844	2486.483836166875
SREBF2-AS1	59.049412638647794	54.68053491827637	47.41612227428862
SRRD	792.4341024331513	689.3016344725111	802.4041001587045
SSBP3P3	0.7512647918403027	0.8915304606240714	0.4403974205042286
SSTR3	151.6052349933731	142.64487369985142	131.23843131026013
ST13	7405.5175590866	7185.5869242199105	8360.064233431773
STMN3P1	2.1035414171528477	2.526002971768202	1.467991401680762
SULT4A1	9.465936377187814	10.99554234769688	7.046358728067657
SUN2	5094.326553469094	5186.478454680535	4790.202742824495
SUSD2	12.470995544549027	14.858841010401187	10.716337232269563
SUSD2P1	1.6527825420486661	1.9316493313521546	2.201987102521143
SUSD2P2	0.45075887510418167	0.0	0.4403974205042286
SYCE3	44.625128635313985	40.41604754829123	37.58057988302751
SYN3	10.066948210660057	8.915304606240714	13.652320035631087
SYN3-AS1	0.7512647918403027	1.040118870728083	0.5871965606723049
SYNGR1	1975.9766554983644	2052.154531946508	1941.712227003144
TAB1	1352.426878270913	1398.51411589896	1408.390950772523
TAFA5	26.144014756042534	27.637444279346212	39.34216956504442
TANGO2	1279.7044464207715	1235.661218424963	1076.0376974319986
TBC1D10A	1533.9324519795302	1424.2199108469538	1257.0410372592364
TBC1D22A	2107.8987529455217	1943.9821693907875	1825.740906270364
TBC1D22A-AS1	2.5543002922570293	1.188707280832095	2.789183663193448
TBC1D22A-DT	366.7674713764358	433.72956909361073	274.5143921143025
TBX1	35.45969817486229	32.09509658246657	36.25938762151482
TCF20	416.6514535546319	399.40564635958395	534.2020710716292
TCN2	3980.5013730866594	3886.181277860327	3980.8990830778903
TEF	223.42614909330604	229.56909361069836	209.7759713001809
TERF2IPP1	5.1086005845140585	4.903417533432392	4.110375924706134
TFIP11	2169.6527188347945	2283.8038632986627	2429.672568921829
TFIP11-DT	275.2634197302869	255.12630014858843	240.6037907354769
THAP7	1545.3516768155027	1489.0044576523032	2034.048886168864
THAP7-AS1	161.97268912076927	164.7845468053492	215.20753948639972
THOC5	1104.659749921981	1065.2303120356614	1122.4262257251107
TIMP3	312.676406363934	362.258543833581	314.88415566052345
TMA7B	259.3366061432725	263.5958395245171	291.39629323363124
TMEM121B	210.65464763202087	214.26448736998515	235.46582082959424
TMEM184B	1263.176621000285	1310.9955423476968	1080.1480733567048
TMEM191A	68.06459014073143	71.32243684992571	60.77484402958355
TMEM191B	92.85632827146141	88.41010401188707	80.1523305317696
TMEM191C	80.53558568528045	73.10549777117384	88.07948410084572
TMPRSS6	26.594773631146715	27.4888558692422	30.827819435296007
TNFRSF13C	4107.1646169909345	3866.2704309063893	3237.8018355470886
TNRC6B	5960.534858460962	5686.924219910847	5396.923589139154
TNRC6B-DT	11.719730752708722	12.927191679049033	9.248345830588802
TOB2	2154.7776759563567	2345.9138187221397	1836.4572435026332
TOM1	6563.650233350357	6505.794947994056	7015.971306052867
TOMM22	5618.8596311319925	5721.991084695394	4940.378263216437
TOMM22-DT	19.983643462952053	23.62555720653789	17.175499399664915
TOMM40P2	64.30826618152992	65.37890044576523	54.16888272202012
TOP3B	2.8548062089931507	3.863298662704309	3.3763802238657528
TOP3BP1	2.1035414171528477	2.8231797919762256	2.055187962353067
TPST2	11183.477944293114	9614.115898959883	9729.847010340092
TPTEP1	485.46730848720364	506.8350668647845	458.1601164645659
TPTEP2	1.6527825420486661	1.6344725111441307	2.055187962353067
TPTEP2-CSNK1E	0.9015177502083633	1.485884101040119	0.733995700840381
TRABD	3498.4898826419217	3647.102526002972	2696.993803167896
TRABD-AS1	112.3892128593093	107.4294205052006	142.541965103202
TRIOBP	8597.624530778792	7648.88558692422	7557.219735852564
TRMT112P8	4.507588751041816	4.160475482912332	3.9635767845380574
TRMT2A	904.9735682508286	818.1277860326894	1047.70546337956
TRMU	807.6096512283254	745.1708766716196	1410.7397370152123
TRNT1P2	1.2020236669444846	1.188707280832095	0.733995700840381
TSPO	14947.314551413032	16840.564635958395	15618.547719042299
TST	634.6684961466877	649.7771173848439	559.8919206010427
TTC28	56.344859388022705	52.15453194650817	45.80133173243977
TTC28-AS1	192.3237867111175	193.6106983655275	163.68104128740498
TTC38	3613.7339017102245	3918.722139673106	2928.349248072784
TTLL1	585.5357787603319	561.5156017830609	563.7086982454126
TTLL1-AS1	20.284149379688174	18.7221396731055	14.092717456135315
TTLL12	2266.7161299405616	2223.9227340267457	2594.528003330579
TTLL8	12.621248502917087	13.521545319465082	10.12914067159726
TUBA3FP	3.1553121257292718	3.5661218424962855	3.816777644369982
TUBA3GP	3.906576917569575	3.714710252600297	3.669978504201905
TUBA8	46.428164135730704	49.33135215453195	44.92053689143132
TUBGCP6	319.58804244886477	291.5304606240713	336.31683012506255
TUG1	2600.1274445592876	2483.0609212481427	2103.925276888868
TXN2	10487.806747048995	11016.344725111441	9710.616322978072
TXNRD2	731.4314013357188	722.5854383358098	618.7583758084412
TYMP	39545.07611288985	44997.47399702823	33454.79004860373
U6	0.15025295836806057	0.1485884101040119	0.14679914016807621
U7	0.15025295836806057	0.1485884101040119	0.29359828033615243
UBE2L3	11644.75452648306	12403.863298662705	10164.519264377765
UFD1	5495.201446395079	4923.179791976226	6492.045174793002
UFD1-AS1	38.46475734222351	29.569093610698367	45.214135171767474
UPB1	126.96374982101118	102.6745913818722	100.70421015530029
UPK3A	318.6865246986564	342.3476968796434	253.37531593009953
UQCR10	1295.4810070494182	1223.179791976226	1895.0301004296957
UQCRFS1P1	1939.3149336565575	2366.8647845468054	2481.6394645413284
USP10P3	16.82833133722278	15.156017830609212	14.67991401680762
USP18	9511.1625176566	9577.563150074295	9655.12624799454
USP41P	9.766442293923935	10.846953937592868	8.51435012974842
VN1R9P	0.45075887510418167	1.188707280832095	0.14679914016807621
VPREB1	17.729849087431145	22.436849925705793	14.973512297143774
VPREB3	787.0249959319012	847.2511144130757	548.2947885277646
VWFP1	1.2020236669444846	1.3372956909361071	0.29359828033615243
WBP2NL	14.724789920069933	13.521545319465082	13.945918315967239
WNT7B	39.36627509243186	37.29569093610698	31.415015995968307
XBP1	37220.662846935964	35150.07429420505	35968.28492656152
XKR3	163.0244598293457	150.37147102526004	128.30244850689863
XPNPEP3	365.5654477094913	347.9940564635959	310.6269805956493
XRCC6	16934.109419913893	16613.372956909363	18953.677384520823
Y	40.56829875937635	39.673105497771175	40.0761652658848
YDJC	1814.3044722943312	1744.2793462109955	1853.9263411826344
YES1P1	6.911636084930785	6.686478454680535	6.7527604477315055
YME1L1P1	0.15025295836806057	0.0	0.0
YPEL1	220.42108992594484	228.6775631500743	233.99782942791347
YWHAH	31368.911130333472	34781.872213967305	38512.75442309479
YWHAH-AS1	14.574536961701874	16.64190193164933	14.973512297143774
ZBED4	553.6821515863031	514.2644873699851	437.1678394205309
ZC3H7B	252.87572893344588	216.64190193164933	227.0982698400139
ZDHHC8	252.5752230167098	248.14264487369988	296.97466056001815
ZMAT5	2867.126951579331	2814.858841010401	3460.0557337615564
ZNF280A	1.9532884587847874	2.8231797919762256	1.7615896820169143
ZNF280B	324.5463900750108	330.6092124814264	237.22741051161114
ZNF402P	3.7563239592015134	4.011887072808321	3.816777644369982
ZNF70	49.883982178196106	59.58395245170877	39.4889687052125
ZNF73P	0.6010118334722423	0.7429420505200595	0.4403974205042286
ZNF74	176.9979849575753	177.11738484398217	174.25057937950646
ZNRF3	68.36509605746755	65.97325408618129	74.42716406521463
ZNRF3-AS1	5.1086005845140585	6.240713224368499	2.935982803361524
ZNRF3-IT1	0.45075887510418167	0.4457652303120357	0.29359828033615243
